start
0
7017
9327
11610
211
395
136
420
33
307
53
1152
1668
1144
228
13081
154
419
110
105
496
337
3054
1345
150
1141
72
729
494
5156
304
12761
303
885
5017
3
256
12653
1627
444
417
445
264
3004
39
1618
177
1330
2108
1131
2111
61
491
4971
989
2101
670
32287
593
30103
1545
106
165
11199
30126
22
25169
2921
4455
516
784
29287
5879
785
10751
2931
60
1533
4510
945
2011
26685
26527
225
9800
103
6
4240
862
159
983
96
9369
4209
7090
18147
19982
1917
145
9191
4192
280
23384
23245
80
348
1090
21882
1259
960
22827
22833
465
9072
22775
388
22225
21915
8780
709
3933
50
4048
12120
8333
8397
1888
2571
4793
333
461
2563
700
2069
8130
3890
8095
875
7676
554
86
1853
7566
1463
657
4776
18608
208
481
3745
3724
1222
259
1843
1460
456
84
7363
7380
1057
125
158
3701
2065
3656
7218
17640
1055
17378
216
7077
4768
17262
15151
3434
311
17008
221
16877
1803
351
3492
6525
1788
436
174
2373
1424
755
6562
1422
753
4696
16159
1760
1779
1767
1770
692
3435
15497
1189
1758
6284
238
6269
1188
3404
6253
6206
6156
2307
381
1753
206
1713
360
740
20
120
363
6045
916
11851
917
3362
1184
139
424
688
1552
1743
1737
75
112
167
8
685
5727
684
1715
737
5684
296
320
5515
13627
100
1708
5534
3195
3193
5185
197
633
3162
34
268
11663
37
214
5302
3116
85
1674
11662
3113
5295
5299
257
897
13245
4686
1670
13232
11661
5260
628
398
1353
3106
5249
13169
161
69
1666
36
449
5235
2178
3095
3098
1352
111
3091
369
98
1149
114
131
5196
12978
1647
5179
5176
3063
12945
517
11628
3061
12926
4721
12919
11781
3053
4323
1630
3050
2151
495
2155
2154
12896
2153
1640
999
2141
1639
5112
2139
3030
12781
5104
1336
5103
977
5092
5096
3026
3024
12767
5080
5077
5078
1333
58
374
5070
418
11654
2130
3019
5071
5072
673
12705
284
3010
5041
416
3002
727
1135
12626
795
12635
5033
12646
2123
1134
794
2117
2118
9791
26867
11285
1555
1133
12607
317
5008
792
5016
302
726
1329
1614
793
994
12597
5010
1612
373
12588
2986
615
1328
4995
2851
30521
11292
12426
11608
176
12526
1610
2960
614
665
12489
12513
12487
441
11747
151
32288
210
4938
4945
12431
4941
2954
415
1128
4939
4937
32120
12421
2099
11552
31832
31566
31771
4663
11546
31687
11460
19
2846
31250
31109
4645
31066
11402
30613
30630
30682
30857
30700
30618
30501
30499
30447
11272
30481
11281
11283
11275
30456
27014
30047
30204
11265
1113
2036
30326
11247
30370
2038
30373
30398
30390
30371
11250
30358
30359
30264
4636
11244
2839
30274
30296
11230
97
30260
11229
30227
227
30117
30133
11209
30199
11223
30128
30102
30112
30106
11182
11183
2016
4552
28735
29561
372
4628
11161
30027
30023
12347
2091
29588
29712
29587
2030
10924
29493
29409
10925
10934
2937
10918
29230
10915
10895
29131
28651
4564
28715
4903
28515
28582
28478
28428
12311
2089
870
28180
28300
10694
28283
714
28079
27886
27889
4530
10602
10613
4524
27754
10585
10537
27653
27659
315
10421
4892
10528
2014
27330
10491
10500
10482
10475
2785
27253
169
27179
27199
27126
27134
27097
27108
27089
27023
26931
26953
10413
27011
26982
4487
26994
10400
26890
26914
26929
26896
26795
10364
26819
4481
4476
10375
26816
4478
26789
26790
25246
10356
4473
2781
26777
12239
1581
10355
2926
26757
4471
26714
10331
4886
10338
10334
10330
26704
26692
2747
4435
26478
26615
4466
26634
26619
26536
10297
26599
26537
26588
26547
2009
26503
10266
26473
4881
26387
26462
26274
1529
26194
26239
26250
2924
26174
26173
10181
26140
26095
288
4880
26094
4401
26000
10150
10147
25964
25988
25902
1122
2742
1523
1580
863
781
9834
25362
9835
25336
1987
25319
9828
25335
25326
25330
25297
9814
2740
25279
25290
9793
25229
9798
25241
25163
1522
9789
9781
9782
25166
25051
4335
9756
1277
4336
4339
9764
25122
25120
25077
1982
25104
9755
25091
2736
9741
8901
4317
25010
9727
663
25035
9731
597
9711
24969
25003
9725
24998
2734
24946
9714
24944
24942
2733
4863
9709
24890
9697
24918
4322
9703
1275
2732
4320
4319
4216
12184
712
596
24877
24859
9684
24876
24608
9626
1519
482
24838
9678
9665
24806
24669
24703
1976
24619
24611
9600
24520
12202
24424
24411
24232
2714
9546
9542
2709
1272
24196
24167
4253
9458
4245
9467
24069
24023
711
4236
2699
2672
1509
9417
9427
9426
23767
23880
4228
12182
23796
4847
23765
9374
22973
409
9275
1948
1271
2910
23713
1953
9362
9366
9363
2688
2687
9357
23671
23536
277
9345
23667
23640
1092
2686
779
23662
9353
23654
23583
9143
2685
4207
9322
9318
9321
2074
281
9308
9311
9313
23450
23465
23455
1269
23431
1270
23413
9285
4200
23394
9286
9288
9287
260
9270
23338
23354
9272
2681
23331
9253
23317
9266
23298
4191
23314
9249
4189
9240
9241
9203
1947
81
4188
710
23217
1946
4182
23195
1315
4181
9209
9204
23099
9197
473
23144
4177
4828
9184
9172
2675
4174
9178
4169
23036
9158
23026
9162
23032
4166
9146
9155
9154
9147
9078
961
1942
9135
22957
1944
4826
22950
1939
1940
9106
1267
9113
22901
9107
2671
22890
4161
22886
4160
22867
9097
22843
9087
4155
4154
22824
9082
9083
9066
22801
4152
22799
9068
2641
2662
4147
22746
22768
4145
1937
9040
22703
4141
22704
4131
22621
22600
22541
4823
124
8978
8996
389
1089
22359
2654
22354
8926
1926
8920
4819
12126
22259
8913
22236
4092
919
1838
18337
7736
1921
8882
8900
22212
22207
12125
8892
8893
8897
4085
2638
8888
2640
22184
22155
1922
22142
854
4081
22149
22145
8878
22120
4079
8872
8865
8855
22035
22027
22023
22013
22011
8842
21901
8804
8805
1257
8832
4069
1085
8826
4067
8813
1494
2634
8808
4064
1918
775
8267
8419
8796
4673
8803
2631
1256
21883
21875
8789
21869
1493
21854
21850
774
8775
8778
2632
8779
21839
8766
8768
21832
8764
1492
21786
21795
2628
8735
4050
21774
1084
21730
21451
1909
1487
21676
1489
8724
8710
21611
21492
8674
2612
313
2906
8654
511
1902
2905
2609
1079
21309
21293
4021
21288
8613
1893
8420
12100
8458
21244
1485
21228
591
8421
20774
20731
8433
8431
20727
12092
20722
20642
8408
2587
8410
20660
2584
20681
20655
3962
20598
8384
1482
3961
141
956
20570
12090
4795
20427
844
12085
20509
20504
845
543
8340
312
20458
3945
20449
8330
2578
8299
8313
8320
3940
20380
8316
3943
20356
8285
3939
20343
20293
12082
20282
8272
7522
1880
20172
2570
4794
8266
8264
8249
8260
20218
8254
20201
20213
1570
20175
20100
8228
3929
3930
8236
8216
1884
20143
20140
3928
8217
2568
20129
8159
1882
2897
8202
788
20072
8193
20069
20065
2567
20036
8163
589
20011
12073
1479
3917
8166
3919
3915
19958
19963
19951
8153
3913
19927
19894
3914
8127
8126
2564
1478
1877
8107
3875
462
1233
19836
2895
8094
3907
19812
19808
19766
8050
8056
954
19746
2068
8072
4786
3892
8061
8046
19629
19558
3876
19571
8026
365
19519
8018
3870
19146
3866
19446
3857
459
1067
19378
19234
4702
765
18945
2512
18955
18968
7680
18856
1854
18900
7721
7725
7730
7723
7726
18896
1855
7706
345
7707
2511
7699
18855
18832
3786
7697
7687
18831
223
18758
18811
250
1063
7655
7654
7660
7634
18753
18739
7642
7643
7640
7608
7632
7633
18714
1224
3776
3777
7623
7624
3780
18681
18664
18557
18597
3768
7604
7605
18653
30
3771
1850
18593
18595
7582
7580
3766
18586
7571
3764
18568
2501
3761
1849
7554
656
18484
3758
18528
7532
18480
7520
1847
944
3751
1461
18443
2497
1845
2496
3740
3739
7486
18349
18358
7484
3738
2493
18270
18327
7471
2491
18313
2492
18297
7462
18290
7451
18269
7429
7439
654
18265
3727
7437
3726
7438
7436
1059
3717
18224
3721
18195
7411
3718
18159
1839
7397
3708
18131
480
7387
18134
16126
1814
4772
1058
18121
18115
7379
764
18104
7371
18111
7359
18082
12029
18075
942
276
18048
653
18053
2455
1448
3688
2469
17956
17999
7323
873
7303
17945
2465
3685
17916
17824
7251
17819
832
17773
7178
3654
1825
7241
1446
2458
17752
7229
3668
17739
1826
762
17708
2063
1824
17592
7172
17596
17589
2454
17585
7165
17483
3649
17535
17548
650
17547
17543
3651
3650
17532
7142
7139
17487
1820
12005
17475
17466
7121
7128
7130
2449
17415
17427
2447
1821
7110
12003
7111
17412
7112
7108
7100
7107
7103
7094
17220
7084
1053
386
2444
17323
3633
17309
17285
7059
7054
17268
7040
17227
17257
7033
7034
7029
17202
7027
2439
17200
17176
344
16239
6889
3613
17119
1810
6995
6999
17100
6993
6994
3620
406
830
1439
6989
6977
17083
6976
1807
6966
6967
17053
1438
17037
6959
273
17020
6955
16941
3611
1052
4764
134
648
6928
16969
3605
16855
6919
3610
6921
16932
16934
3607
6902
2424
6912
343
1804
1049
1208
16853
2418
3600
6871
3602
6883
16800
6888
6878
6882
16782
2376
16756
3597
3599
6870
6864
3596
6866
16762
3595
272
40
16738
6861
4762
2415
254
6623
1198
405
1789
6627
16354
16364
2377
6615
16355
16306
6601
1787
16276
16289
1425
16300
2371
16299
1039
6585
6580
6577
2058
2882
16244
2365
824
6564
6530
6554
6553
16229
2368
16210
16220
16207
6534
16189
3505
16179
16175
6522
6521
2363
71
16151
6512
16142
6513
16136
15522
16091
582
3498
2362
6499
16022
220
6498
16080
6494
2358
1196
6472
2357
6485
16067
2353
2354
3489
6466
2352
3480
3484
3483
157
3478
6446
15997
2351
15975
15809
752
1417
2348
6418
11923
15919
2345
15890
11677
15879
6386
6398
15818
15767
15808
15806
2339
642
15785
6319
286
215
6370
690
2334
6356
15712
6345
15708
3450
3449
3444
15672
1762
1563
6308
6310
3427
15558
15547
15492
6283
1399
15515
15512
15494
6280
3424
15487
6277
185
14777
3363
2296
15288
639
3411
271
3421
15473
382
1756
3420
1757
6258
15442
15425
15438
6235
6240
15415
15385
15392
2312
15402
15382
6237
3412
15380
15329
1402
6232
6225
2311
15373
3410
6219
6221
748
15326
15303
6213
15297
200
231
6166
330
3403
15280
6190
6193
3399
15257
15263
15262
15261
918
15194
3393
3396
15241
3394
6186
6184
3392
3389
15209
15182
15184
15190
15180
15127
15146
3386
6153
15154
3384
15135
15136
6145
6134
2301
1397
820
15097
15102
3373
6135
6122
689
3374
2299
15076
15055
6123
6125
6119
15020
15012
1185
3368
1750
6108
6107
14996
6104
6097
1745
2288
6038
14985
14984
6077
1748
6089
531
6086
2853
11671
3361
6084
1029
6083
14959
14960
3357
6076
6056
6059
14919
6052
6066
3353
3351
6046
310
3349
6037
2285
2287
14855
6035
2286
3350
3344
3345
1183
1746
6026
14826
14827
6027
6018
6014
425
6012
5629
13899
13974
11667
14742
914
11839
2283
14756
14262
572
14690
1178
2281
2282
5997
14715
5993
3338
5991
5985
14709
2279
5982
3335
2280
3329
3331
819
1028
14681
59
14657
5944
1740
5946
14634
5941
5942
1022
253
5889
3316
3300
2269
3315
14544
1026
744
67
104
718
14527
1394
907
2267
14502
170
207
5877
14421
3298
14389
248
4728
5856
5850
4692
14362
5854
5855
5837
14281
5827
573
2258
14293
14284
361
1724
5808
1017
378
14235
297
309
1391
5802
2254
11812
5793
739
1389
1723
2251
5780
14224
14203
1390
1015
14190
1387
5729
1385
527
5745
14145
14150
14153
3266
3264
14137
14138
3260
14124
1172
1720
1018
3255
14100
3257
14090
903
3254
3247
5721
3252
3251
2242
1717
1719
5715
14053
5713
14061
5703
1382
1171
4689
5697
5695
1381
14032
3246
14003
14014
1714
5679
13960
13971
902
5669
571
2239
13958
13957
13952
13954
237
5666
5664
1712
13920
1711
5658
3235
13908
1707
682
3233
13897
3232
3226
13874
5633
13861
13865
13853
3224
13770
636
1014
3223
5621
5622
269
2233
1373
13788
2231
13775
13750
5591
5599
5590
13742
1702
499
13741
163
5574
13720
5582
13712
3201
5535
1371
5567
899
13701
1370
5562
2857
3208
13691
5545
13655
1696
2223
4687
1693
1694
155
3191
4688
146
217
109
173
392
28
525
285
3099
267
396
3075
88
730
728
92
1140
799
56
263
2970
791
4647
1126
4602
4561
2933
10634
130
1530
4306
966
1969
1954
4215
4190
4180
1501
4167
1500
1932
1931
1497
853
8733
2598
1237
366
4791
8055
542
767
458
7257
1831
298
3663
1214
3643
7058
6974
364
1780
6437
6438
6428
129
1764
70
1034
2306
1400
1752
818
1180
147
4675
2237
21
27
95
39
10
35
22
137
3
4768
5
2508
223
1453
2271
10476
4541
2182
1601
13045
2029
31860
32117
30609
31465
31501
31502
31752
28946
28683
27337
27314
4032
10245
27232
24175
2726
26042
26186
24778
780
4029
17680
7207
770
58
31
15
1511
31540
11499
12477
27876
31348
4087
24356
24154
23798
23847
3287
19485
8428
7277
14359
27
21
20
1
15187
1852
798
26756
5076
1133
5074
26779
3957
9268
9364
12132
9035
8896
8202
8220
1885
8344
3932
8197
6569
6963
18771
18196
7573
7656
18211
7519
3757
7018
7036
2451
7035
1424
16856
2430
15268
3430
6403
6471
6355
3405
6296
5752
2256
2294
14937
14243
5756
5795
3225
3
11061
25781
3176
6716
3152
2208
507
3813
2210
9928
6712
16698
6661
3186
5491
10063
1282
34
19
54
1100
10061
13388
1159
3163
5430
5427
3145
5405
5383
421
13346
11069
11073
10062
25777
25778
25667
10057
3813
7840
25543
2414
16433
16438
1432
6664
3544
5460
3186
5363
1678
735
13506
3171
5442
13433
5444
5429
5412
3156
2208
3155
3146
3151
5409
13427
5410
1683
5399
5401
13425
5400
5396
5398
5385
5395
5384
5382
5366
5465
10001
29760
5130
5322
5358
5359
5352
4914
3036
29763
11084
11089
11083
11086
11078
11080
11081
11082
25784
25787
4896
11061
11079
11070
11072
11075
11067
11068
10076
10071
10074
4405
25783
10065
10068
10067
10064
10060
25663
1282
10059
10004
6728
7754
7755
7769
9925
25662
9921
9924
7761
7770
7760
7756
6830
6847
2885
7753
18975
6832
3591
16683
16591
6825
6791
6714
6708
6725
6726
16533
6723
6715
3187
6710
4756
2389
6663
11941
5498
13773
3185
5493
5494
5492
5466
13537
5461
5462
13532
13392
5443
3122
11088
9933
9923
507
274
6829
6721
13539
3184
2215
27
23
21
19
11
7
1
16662
7776
7834
5426
19138
3531
1043
5453
3183
7936
29915
10006
11112
9964
7956
7778
19237
19289
6826
6849
16570
11157
25710
2947
2087
301
2210
6708
12391
5387
5484
13373
5431
13469
5411
3145
10063
11074
13371
25555
9966
9985
9989
9990
9994
9998
10057
9995
9996
9997
9991
9986
9987
9988
9967
9978
9979
9980
9981
9984
9968
9977
9969
9970
9912
5486
4814
7845
4770
3184
7848
25556
5488
9933
13408
3546
5409
3590
6829
3156
7751
9982
3152
5397
13435
5447
13462
13413
13430
3153
11087
5386
13391
5137
29759
29761
9999
10000
9993
9992
9930
9983
9934
9975
9976
9929
9921
9920
25554
9927
9922
7764
25541
9918
7765
7763
5465
6668
6727
16640
6713
6719
6712
16448
3545
5492
16431
6661
5460
3178
735
1683
5395
5352
9925
6726
346
41
34
25
23
19
19
18
4839
23882
13116
19368
19776
18
13
26005
5959
21591
417
59
21343
55
50
37
25
18
6
10201
18042
27573
28060
31532
32116
13202
31775
28617
30887
27959
27050
27180
26130
26162
26444
8667
25983
9677
22744
24556
23777
14432
30832
19796
3097
2705
9527
11525
11348
190
122
2
1737
12783
19123
25521
8268
6765
29807
13724
12776
18560
13584
15693
28565
4486
7855
15309
6580
25310
12538
25266
25061
25265
20071
24985
18545
19236
16029
15310
15308
15307
15306
15305
15046
14771
10073
10602
5535
3400
3128
97
35
27
23
21
18
10
1
1036
1789
2072
28216
8696
1409
2276
512
1988
4365
25401
27274
9858
45
35
13
10
2
1
21467
28963
9005
19585
21320
31862
28425
4833
24404
24615
24701
9471
5908
744
6406
28839
32021
13178
29542
3712
8968
9421
26378
24171
24852
4219
7974
6414
604
5938
3305
4588
11420
31627
32247
5059
12973
13212
13240
31859
11592
11421
30992
30998
22329
24836
24165
24331
4303
23826
24007
24044
1215
274
6441
8673
11381
209
55
42
25
24
13
1
2832
328
10020
7767
3825
29969
5116
836
11050
540
1045
29787
5118
2836
3582
1800
16395
4611
3114
1154
679
13396
3117
29858
29860
29861
29862
4621
624
29859
11125
11105
16617
2536
11030
9939
951
19297
3837
2527
3829
6637
3540
6756
2398
898
13545
7797
11150
3119
892
29946
3828
3565
2407
2834
919
2834
162
836
77
49
4
2
1
13123
13059
4766
4956
25919
10662
19515
9054
6305
14460
5284
12070
15759
275
107
33
11631
11643
11653
4716
11647
12617
4707
12186
4680
11730
12286
12227
12206
12187
12140
12180
4852
11697
12079
5557
14052
27
10
16
4
3
24322
31803
11566
11567
11342
860
2697
27679
31430
31583
32126
27955
10908
28561
27905
26163
27248
26033
23807
1901
8085
21250
17709
10178
30968
7278
24418
10477
10836
29001
30858
31163
31375
11365
30836
30743
28609
27838
26200
21252
22571
22469
22316
3685
18022
17693
14403
27397
27293
19803
210
1
160
92
55
25
23
20
10
682
1398
8640
22849
12906
11784
23000
30440
1638
4985
9143
11174
2909
4864
26569
30294
10342
9673
23409
23442
23020
4164
22198
22147
4074
20686
8697
1877
20300
842
1115
3954
20506
1073
20230
4784
20033
8185
3753
539
18817
7708
18852
18737
3708
2481
2417
3632
6979
17343
16874
6557
2409
6558
3513
15254
6198
6468
6484
16209
3427
15361
6229
6041
15201
15153
6154
6109
6121
3229
5641
13879
2219
13608
4872
2241
10423
10274
8155
3401
1186
7504
35
27
21
7
2575
779
1332
21974
23273
15561
3196
799
21
20
1
6250
19846
11749
20306
23107
26680
18203
18261
16999
13704
1704
30551
440
426
9
1
380
256
8461
1483
20782
1060
3032
3987
20930
20965
8481
8474
3978
20867
13685
13761
13989
2599
8480
8486
1709
2298
16385
7406
6270
5699
8
6
9
3623
22877
9808
18668
2513
17369
7002
5548
17392
4193
10408
16238
5745
20301
5091
26853
8751
14935
11944
7447
15168
16224
70
4
3
1
16790
14770
18728
7460
12937
16098
8
4
3
164
110
5879
5032
3053
1647
5182
633
632
1364
1353
268
733
214
11659
3064
110
4720
3060
12934
5164
3055
3057
717
72
2141
3048
2047
12898
1643
1644
12914
12900
12897
999
1639
12885
195
1559
5148
5111
11772
3033
5109
304
12803
5099
12784
12785
3029
1141
5106
3030
12763
974
12782
1336
2136
12766
12760
796
418
12755
211
1628
5075
12733
2999
727
203
11652
3003
5038
2125
12601
123
12621
12623
12625
12633
2110
5024
794
2995
5013
302
12610
12603
2991
30203
5006
5012
2987
2112
1329
793
12600
12599
1612
12589
11286
12529
4982
886
1131
4997
12579
2983
4995
4943
2955
491
32284
4945
184
106
217
1128
415
11406
165
30542
4637
30434
11269
30449
11278
11288
11271
30483
30470
11273
30445
30446
30402
11268
11263
30341
30348
30397
30385
30355
11254
11253
11238
30278
11242
4915
30253
30233
30239
30228
227
30218
30167
30176
30180
11220
11216
30172
30173
30111
30144
30148
11218
11219
30159
11206
11203
30104
11186
30051
30100
30075
11196
200
26682
10422
29997
30005
11165
11170
11166
11163
4903
11159
11160
29992
12350
2939
2091
4904
12323
2934
1590
12313
12318
12312
2928
1124
2930
4902
2929
516
1121
4894
4890
4895
26761
26825
27007
10415
10412
27019
26909
26924
10406
26996
26988
26943
26966
26960
26933
10394
26862
26871
26908
26880
10390
10386
26875
26872
10385
26833
4474
12294
4477
10370
10369
10357
10354
4885
26688
26721
10346
2780
2926
10353
10349
26705
26703
26683
8424
23264
10298
1284
10314
26671
10323
10324
10318
10320
10321
10313
10316
10317
10315
10302
10303
10308
26616
23326
23738
2739
10288
10292
4462
4463
26611
10296
26590
26598
26579
2920
26518
10279
26529
10285
4458
10273
10276
26489
4456
26477
225
4879
4876
25142
9821
9825
4357
29
4870
984
198
1318
25323
9829
25300
25242
9818
25293
25272
1983
9809
12224
4346
4348
25215
9794
9784
9792
9788
25172
25177
9764
9772
23745
9698
9733
25127
25102
25125
9751
9754
25048
9741
9752
25079
25053
24999
25043
9732
25000
25030
9731
24902
1098
9715
9716
9719
9707
4320
9700
24893
24891
24885
9686
4858
340
12205
12208
4853
4854
12189
4851
9310
9372
23730
23729
9365
23718
23650
9351
23691
9358
964
9355
2687
23653
9314
23629
9342
9350
9348
23637
23519
23554
23598
23620
23624
23570
9337
9332
23566
23561
2685
23542
23551
9324
23523
9319
23505
23493
9290
23485
23438
23443
23467
23475
9300
9295
9276
23380
9282
23405
23339
9277
23356
23361
23366
1091
23293
23296
9261
1268
23267
9255
9258
23278
23284
2680
23263
23241
23202
23219
9227
23211
592
9226
23215
21993
22017
4086
9085
22947
9167
23158
23164
23171
23174
9221
23185
23196
9217
23173
23169
23166
9175
23061
23131
23151
23086
4176
9183
9180
9174
9169
23041
22984
9153
9155
23039
9137
9131
22845
9110
9121
22933
22939
22928
9122
9116
9120
9101
9105
9111
22896
22861
9095
9102
9088
9089
4153
4154
22842
22835
9086
22820
8902
9080
2669
22773
22251
22755
1261
8906
8904
8900
22201
22197
22192
8884
22174
22189
8889
22166
8881
2638
22055
22077
22141
2637
22109
8875
8874
1923
8851
22043
1258
8859
22019
8849
22026
2636
22009
1495
8836
8837
21956
1920
4068
8830
8829
2633
4061
21897
21910
8812
21935
1919
4064
8798
11638
8799
3971
8755
21783
21855
8788
21873
8782
21861
8785
4057
8757
8760
21847
21818
1917
21769
8754
8749
4052
1242
12123
8557
4803
1485
4705
8427
20765
20697
20720
1893
8421
8416
4797
20712
8415
3967
1117
20671
20678
20691
8409
2584
20677
8257
20248
3950
8367
8388
8393
20668
20644
20625
20630
1239
20629
1482
20611
20612
8378
8370
8371
20593
20592
8372
20587
20498
20565
8368
20573
8355
20532
1481
8366
12091
3952
8357
20516
8349
8350
20496
8347
20466
8341
20485
12084
20479
3944
8330
182
12083
20455
202
1572
1889
8309
8322
3941
8312
20392
8303
8306
20381
2576
20348
20359
8298
20347
20341
8296
20292
8286
20339
20336
702
8281
20315
8276
20298
8275
20275
8273
8265
20232
8263
8259
8262
2898
8251
20224
19891
8248
8250
20080
8239
1570
20198
20178
8213
8240
8230
8233
20151
8231
20122
8221
1235
1074
20138
20112
8211
20093
1883
20099
8181
8197
20076
20058
3923
3922
20032
8178
8180
8131
8166
20015
1479
3921
8173
8137
19980
8167
3917
8165
3918
19914
8146
19977
19967
4790
19907
8127
19847
8112
8124
8118
8121
1569
19852
19857
19865
8111
8110
8099
4786
8066
4788
19828
7544
7673
3785
18948
18962
7746
411
12042
18970
18965
7745
143
7741
7677
18882
7740
7739
18943
3794
18938
18898
18842
7698
947
18853
3789
7695
18826
18838
18801
18800
2510
7621
18774
18783
7668
7670
250
538
18756
7645
7653
18770
7654
18701
7641
18742
7648
18754
946
7639
18725
18710
7626
299
3780
18604
18660
7617
7608
18628
18654
18637
3773
7602
7585
7591
3767
18606
7567
18571
7580
3766
18580
18546
3763
7550
16201
7440
18492
7541
18519
18526
18532
18523
7536
18493
7466
7476
18383
7496
7503
18478
7506
7516
3754
7529
18447
3750
18457
18444
7508
18427
3746
18429
18436
1220
2495
18409
7500
7501
18405
18388
18394
7488
7489
18379
3738
7487
18372
7485
3736
7479
7484
18364
18359
7478
7473
7475
7467
7463
18320
18318
18312
18314
3731
2491
18311
7458
7462
18294
18281
18277
7449
17038
17568
7172
18157
18220
7428
18250
18252
7431
18243
7432
7433
3725
18233
1844
7401
7421
7425
18216
3723
18180
7415
7409
18190
7407
7402
7391
18162
17632
7364
7367
7382
7386
7383
7381
2048
18068
943
7361
332
18065
17633
7192
17636
12017
7185
7187
17616
7182
7177
7179
7168
17594
7167
7062
7061
7073
17525
17563
1809
12009
12007
7150
7123
17521
17522
7134
17518
17511
7124
84
17469
17457
17376
17429
7118
7120
7122
1822
17430
7105
7113
2888
17425
4771
7109
17396
7106
7104
7101
17359
17311
7081
12000
7069
7042
7045
17261
17263
17269
7057
17239
7051
1819
2886
17255
1817
7048
7049
17238
17236
7043
11680
17184
17218
2441
17217
7028
17201
7031
17205
7023
17182
7016
17165
17181
1816
17127
1813
7013
1815
17160
7019
17152
17151
17134
6984
6985
17109
17125
7003
6986
17078
17074
1047
3616
17054
6975
17065
407
17043
17048
6565
6571
16338
6918
16963
6960
17026
6936
17016
6954
6947
6948
6950
6939
6940
16985
6932
6935
6933
16918
6926
2426
6925
1051
6920
16936
1050
2379
16743
16888
16909
3608
16900
6915
16896
16759
16780
16861
934
2424
16865
6897
2885
6901
6886
6895
933
16821
16829
16826
6880
16810
3601
6862
6868
6873
3600
6859
6858
2059
1797
6623
3528
11956
3527
6620
16372
16345
6617
1788
16363
1040
1426
16326
6606
6602
6604
2376
6595
2374
3523
925
926
6600
16325
2375
16305
6598
16321
16322
825
3519
6593
16293
1785
6575
6577
6570
6568
2369
16236
3516
16214
6551
16225
1197
6550
4751
2367
3510
3506
2366
16211
6545
3487
6510
6514
6527
824
3505
6533
6515
16169
16156
16026
6491
6496
16095
6509
6506
3499
6493
16085
16090
6495
16089
6494
16082
1781
6473
16062
16074
6486
3494
2358
4696
6478
16053
753
16027
6470
16046
16034
1196
6464
16025
3417
15478
3482
15999
6451
4746
16008
11930
2321
15988
6448
6449
15567
15544
6298
3431
6282
6288
15535
6293
2320
15516
6285
15506
6283
3423
15471
6249
6258
6263
6266
15464
821
1757
6260
6255
15437
3419
3418
6248
15370
6238
2313
382
15395
15386
15375
6235
15296
15301
3408
6226
3407
1402
6216
15323
3405
6212
15295
14863
3383
15286
15293
6157
6202
15273
15212
15214
15229
15244
15242
15233
15215
3388
6158
2305
6179
15186
6172
15176
6166
15165
3385
15132
6152
15123
6148
6118
4731
6132
2302
6147
3379
3380
3372
15087
3378
15091
6131
6088
1750
6114
11854
15037
15027
4732
6117
15022
15008
6090
3364
6103
1749
6106
15002
14980
6099
14978
6094
14865
14940
3360
14966
1030
6084
6079
14890
14898
3355
6061
3353
6063
6059
6048
14874
14877
14883
2285
14864
14101
5984
6002
6020
6026
6029
14862
6035
6031
6033
6032
3340
3343
6021
14817
14803
14809
5990
2283
14765
14775
14787
404
6015
6013
6012
5998
11838
14758
5995
14734
14724
14713
5986
14710
3336
3274
14705
2255
14683
3334
3335
5973
5974
5818
14680
5971
4692
14266
14256
5814
5812
5805
3275
5804
14219
5799
5800
5801
5787
5790
5791
5783
5784
5754
14207
738
14215
5781
14174
1390
14206
5772
5776
2250
2249
14188
5765
3268
1387
14168
5761
14122
14155
5751
5747
3264
5748
5749
5743
14103
14104
5738
13674
604
13747
5700
5716
5729
1383
3241
5724
5720
5706
5717
14048
5707
5702
3219
13963
5678
14033
5692
5693
3242
13978
1713
5676
3236
5669
5673
13962
5658
5662
5652
3222
13838
3228
5647
5646
5644
814
5638
5630
13863
164
5627
3225
13848
13837
5620
3221
13819
13827
1705
1704
2234
1706
13804
5611
13796
5606
5600
13785
13783
5594
13763
5593
5595
13709
13725
5583
5582
5571
3214
5577
5573
5569
5548
5560
13689
13694
5552
5528
13635
13650
5526
13600
13610
3197
5523
5524
2218
804
26881
7175
645
6458
5710
5585
27
10
18026
31949
14522
3308
4022
27998
28690
5187
29580
12664
4591
28496
28259
24401
9618
24685
22492
22685
8093
7284
7297
17907
6369
30966
9424
11409
7242
52
20
1
406
255
24
14
8
4
4509
29043
30758
30759
31742
32059
24649
27797
26279
27690
27185
26270
21355
23904
1508
5953
10
1
20277
30235
20159
20225
8125
17085
20633
32285
32286
3422
22940
23115
7506
6477
14134
5569
4
2
1
19278
5115
16576
447
11103
948
10051
647
3574
6699
292
292
162
77
47
10
7
7
19307
13558
2114
3845
19011
3817
12863
19197
19310
12839
25539
29655
12838
12596
25683
19308
7921
19035
19102
4763
3760
2532
162
138
77
47
27
23
21
11
6
5
19860
16045
18286
26553
10291
5067
4684
32281
792
2991
11186
30322
26831
20636
23604
9758
10267
9722
23711
9688
1951
22240
9133
23415
23369
23229
4193
22993
9231
2677
22848
9104
20663
21837
22169
20770
19858
20215
20451
8391
20253
20383
20042
19925
7645
18936
7667
18789
18420
18683
7556
7495
18338
18167
7456
16297
17246
17451
17472
7159
17452
17204
16752
6879
2426
1208
16368
16158
6458
3372
15193
6219
6233
15138
14968
3370
15036
2293
14158
5768
14689
14076
26488
14946
23573
19862
18423
7598
16075
17021
14897
6942
7362
20520
22989
4197
7717
17575
17301
11931
11172
5084
30205
11218
24992
14066
15179
20414
20413
6177
3356
25353
30526
10338
26941
10378
10387
17141
25099
9224
9362
23749
24962
23262
8869
23044
9065
8787
18933
20165
20212
20387
7872
7669
7518
7574
17139
16794
14833
6579
16770
16015
5815
14761
9723
6605
2079
21
6
2
1
6180
3720
345
186
146
7342
8999
31188
32248
652
8740
4598
15921
5298
10167
27705
28184
31956
5212
31625
11555
31724
31472
31101
10675
27669
27043
5915
8092
24191
9515
24635
15584
17670
19628
32356
15710
15971
14472
14497
14454
10664
5868
28
13
2
1627
4722
7599
5000
8888
123
19203
16647
203
165
11338
8049
10710
714
714
307
10
11180
30289
404
4
8515
8529
21182
4012
1573
1075
7474
1802
7454
5541
4980
3028
1584
8516
21130
21225
8544
21192
21207
1897
21190
21121
8540
505
8503
21014
8510
21061
20084
8201
7510
2499
7365
16869
15217
2245
452
1709
1239
8527
12746
8596
21138
8578
8584
2606
21090
21003
8506
2601
3997
21032
8492
21047
21052
8518
14239
14873
14695
5558
8508
21105
8573
13980
32270
21021
8534
21135
5114
8586
3211
2300
703
3908
8218
8289
17305
7131
7064
920
5764
5733
8525
8589
8581
8538
8539
2498
142
6208
5584
5547
55
25
20
18
13
12
10
8
3
842
1115
4811
550
5177
11787
2864
2909
23663
2577
15548
20174
2229
2228
1372
138
60
50
22378
24478
26056
29173
67
55
10
2
28568
30909
28383
81
24088
9481
31325
31482
27618
19536
24129
27257
22336
19448
19422
326
1
11556
1961
10240
29306
5301
10940
1249
10861
27405
11385
3108
4947
114
99
4
6334
22491
4430
13271
24425
50
3108
2775
2801
497
3314
1027
750
22489
2003
22253
258
21260
10623
28777
29021
5284
31796
12685
3069
12486
12498
12673
12490
10913
29227
11336
31667
29368
11296
29126
28942
28902
28148
27606
27442
27369
22484
24005
9532
25888
9676
24109
24238
23850
23838
8739
22352
21425
1195
2464
7999
2551
3784
19405
1380
28864
28738
10463
19543
17947
15803
10941
99
13
6
16455
13444
5420
6795
16496
5423
2207
7928
2205
13445
13446
3158
25493
25651
25658
29649
5175
5140
25659
29647
9973
25495
9903
25650
25496
25494
7930
9477
9889
769
3848
7931
927
7876
2523
1859
19026
16498
6812
6702
1369
3190
569
217
2582
2
831
557
202
566
118
526
414
632
1009
85
3134
328
13323
1008
135
675
1635
892
1142
390
10950
4607
558
4408
25586
25628
4402
4377
4373
951
508
1204
1207
346
7854
1864
3817
7826
19052
19014
2407
6763
1435
828
405
759
6656
3539
1041
6024
1281
295
735
5435
1359
230
13442
5418
3147
268
422
5346
5314
13310
13316
3117
5323
733
894
1146
1675
1641
624
1634
3041
12837
203
1339
3034
793
12403
880
1594
12359
2093
12366
488
4615
29877
29922
972
11091
29781
25729
29737
29746
11025
29687
29673
25732
1282
25882
12321
2757
4405
10093
10108
10049
25744
25621
4394
10018
968
25681
25646
25641
1525
25624
25630
1996
9956
25620
4391
54
29
1993
4111
1277
1122
4350
9805
1983
2719
4142
1489
8605
1309
769
3843
19328
19327
19294
719
698
19258
950
1470
7892
7871
7879
3816
3828
19188
2521
3820
19040
19101
19041
507
16728
216
7079
2436
2416
16733
16716
2415
3575
16612
6803
2413
6789
6784
6771
16613
3567
3573
2403
16550
77
3556
16506
2214
604
2251
919
1200
2393
646
6672
2386
16424
6629
645
426
821
2264
155
5501
1692
3184
5456
3182
2211
898
5457
794
1818
1680
2191
2199
2200
34
265
3046
623
5127
2094
11099
10013
519
3791
7895
7779
2515
7819
3810
6788
3551
6734
3543
1791
1199
5449
55
25
27
162
77
42
35
49
21
20
19
6
5
26
25227
18
8
39
24
4
25223
14009
30461
16980
6468
6229
6196
20135
12298
22059
25187
13
10
2
1
31565
29255
30736
30718
10783
8656
26441
11427
7256
10681
1
687
24398
14
1258
17499
12086
12053
18399
5708
16749
15467
138
2
10586
958
42
13
5
3814
9862
4515
560
5205
449
1144
5221
1335
562
2168
3008
884
1583
1912
8941
9842
117
1513
4364
9458
4214
776
1084
4778
2261
906
5865
89
5900
2880
2322
6361
15606
1384
9866
1587
2791
12265
25419
23756
596
24262
21237
21251
1022
982
3973
14353
2264
274
2506
19600
19371
7275
6392
1205
1414
2263
1165
815
882
184
186
1523
1137
88
1666
3087
559
2990
10695
4568
2948
10528
10186
2714
9405
9115
4048
388
2903
4041
3907
1036
7308
835
7262
4760
3468
6418
5910
6310
5878
3303
2213
44
35
18
10
8
5
1
26083
4659
475
475
31
15
4664
31543
119
256
209
104
90
35
14
12
10
4
28293
31665
4567
2340
17
9
8
13324
5350
13363
5367
3138
13479
5361
5351
12260
2946
16510
19191
7873
7834
3531
13582
29658
7912
25743
25488
10042
3133
29956
29840
4375
25607
25612
6850
19022
7917
301
7944
138
18
10
944
249
1523
1137
417
620
1632
562
2165
5101
3008
723
2121
1136
1326
12578
2990
4994
878
21667
4218
1990
4214
261
1074
433
3994
21079
4014
4000
20981
848
591
20863
8460
3937
703
32374
946
3908
2498
18669
116
506
344
7366
18374
1812
3612
1210
2433
192
1209
5794
14834
6163
142
1168
2222
153
53
21
18
10
7
6
1
18202
23441
24880
11286
717
446
1644
1630
523
5086
4946
727
3004
1131
4340
10293
26760
2783
26971
30210
30406
11269
30077
2934
12293
10365
26628
25259
2082
26552
9771
25047
1578
24973
9697
24926
9359
4315
9361
1271
9317
1950
23043
9264
4198
9177
23253
23231
348
22223
22752
9092
23027
22936
8903
22234
7524
1922
22183
854
21856
8849
21989
12095
2902
20654
18950
8150
20199
187
20384
20240
20344
20108
20154
3912
7560
7593
18866
7554
1064
18554
1844
11862
3525
17507
18079
7389
18191
2063
3655
3651
6997
17498
3644
17348
6867
17071
2437
17116
16840
1438
2432
2059
3535
16042
16303
2879
753
3497
16252
2355
6257
15509
16038
15523
15381
6174
688
14957
14965
11847
11845
6018
424
5654
571
5737
5686
5516
13717
5613
13757
13623
5542
1695
6027
21921
2915
10292
625
13085
5184
12956
12903
12954
12955
5166
12924
801
12913
1643
5159
5148
2151
11249
2955
5027
5094
5098
12795
5091
974
12778
12773
12643
2114
1327
5000
614
30439
30455
11293
4941
12429
11287
30516
30465
30488
30489
30462
30403
30413
30364
30375
26962
30113
30243
30313
30314
11243
30308
30267
11210
30224
30165
30189
30149
12322
11169
11185
30065
11197
30090
30073
30071
30057
11181
30030
29995
29998
12353
29985
29982
4487
12304
987
1589
2089
12315
26967
26978
26660
26839
26919
26938
26883
26870
26873
26869
26794
26810
4480
1532
26769
26770
10358
26787
10339
26736
26726
10325
10328
26691
10299
26646
26658
26624
25261
12238
4459
10290
26479
4451
26493
26514
26517
26480
12268
12245
1586
2086
25292
25321
25340
25327
25311
9820
12226
9812
25011
25136
9797
25258
25175
25183
9787
25211
25176
25145
9773
9776
9767
25150
25092
9753
25100
4865
9748
9732
24963
24981
24950
23060
23440
24932
1098
24913
23569
23610
4213
24892
4320
9689
24897
24898
23724
4855
24872
23739
23666
23652
9342
9341
23578
9336
23580
23460
23562
23501
23502
23525
23463
23139
23281
23295
23301
23379
23391
23422
23423
23344
9279
23319
9259
23249
23276
9245
23165
23167
23201
4182
23179
9220
23157
9205
9207
23140
23156
9181
4176
9196
23114
23111
23095
23090
23072
4065
22151
9128
22963
23028
9170
4168
9157
23024
23016
22878
9121
22884
22778
9083
22832
22854
9096
22789
22191
22767
22241
22756
22204
22215
22196
22179
8884
2640
22172
21929
22100
22135
4081
22116
8875
1921
8861
8864
22072
22054
22056
22028
22047
8847
21955
21976
4068
21988
22003
21983
21927
16804
17413
8416
8781
8786
8787
21889
4063
21881
2070
21778
21834
21791
21821
21757
8747
8750
20741
11695
1901
8424
3968
8417
8297
2588
20499
1481
20648
20653
3966
20675
20679
20566
20590
20638
20639
20568
20563
20553
20512
8358
20431
20467
8342
20471
20361
7597
20153
8286
20233
20237
8278
20321
8284
4794
20185
20183
20155
20176
8109
20001
20009
20040
20047
20062
8226
8232
20149
3925
20124
20117
20079
8203
20048
8190
20004
3916
19995
19970
19994
19989
19936
19938
19952
19881
19931
19902
19913
19888
18860
19012
19837
8104
7741
2513
18880
18914
18919
3794
7728
18887
18893
18871
18873
18878
7705
18629
18779
18819
3789
18840
7681
18786
18796
18767
7639
18743
18746
18759
18741
18729
7623
18705
7640
3774
18662
7603
3728
7548
7550
18577
18588
7582
3765
18513
18522
7540
18516
18503
3758
18260
18456
18463
18482
3755
18470
3738
18393
2494
18365
18332
7480
18284
18081
18208
3727
18218
18206
18106
18185
18143
1460
7390
18122
18083
2452
7357
17578
332
17581
17622
17635
17580
17560
7165
17573
7166
17537
7146
3647
1213
17474
7141
7117
17462
17419
7128
16927
3642
17407
4676
17410
1568
935
17339
7093
17362
3639
7087
17328
16977
17185
17297
17313
17315
17266
17295
17211
1819
17233
17248
17212
17121
1816
17150
17117
17104
17032
17095
1810
17033
17087
6977
6978
16981
16992
17005
3615
17015
17002
16953
6933
16972
16825
16908
16921
16842
16860
1805
6915
16875
16881
16887
6907
16873
1048
2422
16844
6893
16839
16836
16814
16816
16819
16811
6612
6626
6881
16774
16753
6869
16773
16577
6857
6858
6614
6621
11951
6620
16365
3524
14860
15409
3487
6549
1786
16323
16319
16219
6555
16212
16128
16160
16193
6539
6523
16190
16130
426
16141
6488
3500
3496
16092
2361
2362
16064
16052
6474
1196
16039
15486
15524
15543
6299
15557
15545
6287
6277
15504
15449
15453
2318
15436
15443
15414
15041
15178
15376
15393
15408
15377
6204
6231
15232
15245
15234
6192
2305
3392
15199
15128
15175
15107
15124
6126
15084
15093
3374
15065
14994
15035
15040
14999
15004
14974
6071
14938
6075
14950
3360
14870
6055
14931
14933
14920
14891
6050
14868
14825
6036
3219
5781
3343
5785
14746
6010
6003
14233
5806
14707
2282
11822
5811
14225
14015
14169
14193
3268
2248
14115
14160
14117
14135
5742
5726
3255
5736
14067
5722
5716
1713
5690
1016
13994
3243
14001
3242
13993
5680
13977
13968
13887
5670
5671
5653
5656
13926
13914
13894
13909
13907
5621
5633
5639
5645
13878
3233
13869
13835
13826
13698
1371
13740
5594
1705
5508
13697
5537
5561
13667
13693
5531
5525
5520
13620
3195
13613
13592
395
551
34
214
161
28
307
131
73
356
56
1640
72
92
1482
74
2998
55
10
2119
13
11188
19
217
474
184
10391
169
315
29
985
25
1954
209
510
982
846
1725
20
274
3493
436
129
6180
139
173
59
8
104
45
739
905
2253
237
5185
5154
3027
3026
5070
3021
1133
1330
793
11163
11220
11244
11234
11196
11164
4894
2941
10305
10369
10361
10353
4886
9821
4876
9832
9794
9795
9782
9768
9760
9747
9734
663
9714
9705
9691
2687
9366
9311
9272
9217
9189
9178
9179
9165
9118
1940
9095
4155
9075
8893
4079
1880
8822
8814
8802
8800
4057
8756
8749
8341
437
8413
8405
543
8321
8339
8335
3940
8308
8159
8296
8235
8271
8234
3928
8191
3922
8188
8156
8152
8115
8111
8099
19849
1117
7749
7706
7707
223
7695
3777
18711
7620
7549
7591
3764
3768
7588
7545
7527
7517
2491
3743
2493
2487
7436
3600
7405
7415
7413
7387
7393
1215
7107
7009
7031
6962
2430
6941
6882
6514
6551
2371
6564
2058
2352
6513
6282
6448
3481
6264
2306
6211
3399
6178
6135
2299
1750
2290
6076
6051
3350
3282
2250
3252
3247
5702
5678
1712
5666
5664
5634
5618
3216
5583
5544
5563
5527
3193
21
27
2290
446
35
6
6
5
31662
483
96
25432
25406
8783
20085
9375
176
11
10
6
1
19111
7936
9895
25626
10111
7943
6631
10050
6643
2946
5117
19114
9891
10036
29822
5139
19318
3588
934
7776
6630
6641
6850
25642
11046
11100
29817
801
3161
5404
2035
25797
11021
11047
4396
25522
7937
9893
7873
19109
16411
16651
5483
7864
1142
2901
736
182
66
41
21
4
3
5458
1161
1300
19338
2948
12849
135
801
13471
3166
13288
5433
4928
2749
29707
29715
4612
29869
25714
29657
12329
26945
10104
25687
10021
9944
9972
25581
4078
1122
340
4809
7959
19350
1434
7841
19277
7853
6810
346
1839
19010
19117
933
934
12032
6848
1200
6667
16484
3566
16425
16119
16036
604
638
2231
32311
5480
155
25749
1369
1470
1102
25
21
18
13
12
6
1
859
333
302
156
16
913
16
5
192
4630
1053
1030
8
1
345
10343
1854
1223
737
764
3654
1017
1619
4082
9192
23342
2738
28710
30282
25263
1579
22079
20658
1085
1254
8345
7520
18074
1459
274
1405
2421
6501
2360
1782
14642
15104
1033
395
1581
799
285
597
8766
1478
3606
5679
35
27
21
18
6
1
146
11
304
40
11
21384
22597
27506
31329
31409
5203
27910
12155
26212
26410
24654
10136
24644
22652
19468
22398
6316
6333
15765
17970
5286
10144
8684
6354
6390
24
6
1
413
2
2102
13107
13125
13119
13019
5217
13070
12708
12704
12661
17918
4958
21689
22662
23952
26439
27693
31932
1602
12462
4953
1322
31042
31794
2013
24585
26026
9545
12142
12177
9383
555
1088
22349
1244
8706
4810
21459
21303
1571
4805
17984
7981
8086
15838
17665
13060
13099
13265
13270
13110
13208
14586
28159
1325
13039
12710
12469
27857
10540
23771
24308
24822
21658
14587
14456
5928
24682
5307
5288
3084
10665
324
4831
6336
3672
11356
10
6
2
1
10768
29329
3013
14518
6409
13131
29564
30581
9509
24509
26006
10626
17697
21607
24075
8060
27708
32008
4031
96
53
33
2
25318
4478
2674
30207
4321
6983
4
3
1
2804
25364
8720
19615
208
176
28
8300
1284
21984
12780
14116
181
20
2
1
2
310
30951
24221
4304
27769
10549
9567
11445
29082
30681
32019
27615
28188
28295
19706
9425
741
128
2
364
16
962
9580
10847
30651
31578
10911
24565
24188
29027
32204
1876
4546
28937
27579
11343
10470
11607
7202
13
10
6
1
8
5
7
6
7377
5152
3585
14072
20105
11226
26804
510
458
346
6
1
18307
26897
6
4425
25987
30959
31462
11489
32246
10977
27696
28662
28696
22299
2703
2715
4312
24503
24699
24049
8986
8960
22477
17799
21348
7311
7351
17704
32327
7244
11323
7239
4423
31772
14591
1765
25956
28374
10867
29017
29114
29351
11389
31659
13095
13037
13062
32206
31166
11503
31586
31636
31534
31421
29391
30669
10979
29295
28742
10849
28621
28622
28410
28010
4546
28274
28373
28247
28120
27843
4534
28003
27190
27242
27781
10594
27376
27436
27037
10427
27044
26124
15969
1487
22705
10129
25925
9643
9671
24835
9598
24259
24464
9496
24189
24078
23831
23901
9437
4095
8983
9044
9046
22531
21714
332
19614
21469
21498
8652
7990
19426
7296
7325
6388
15644
14554
15641
10864
10468
4290
10115
1393
27353
22435
2
78
16
3
6
5
12264
20284
6077
8
4
4306
1831
882
2
7
1
29698
29812
13481
12411
29710
13547
25864
16537
25530
25843
25850
25594
19332
7961
25515
25526
25525
19271
5504
16402
13542
13441
121
17
2612
13231
28887
10988
30953
2790
2019
23937
24282
8951
3676
7223
1151
15916
274
20
12
1
150
13
9
1
8454
15528
8451
2298
12533
8445
8500
1060
1441
287
143
25
26655
17316
72
7
5
4
2186
670
24
149
56
3749
9841
2985
9375
9847
9850
6586
24
3
4
3
4965
12666
24490
5209
23886
13235
1322
9545
27612
14441
490
275
81
17
8638
5376
5377
13510
5448
3142
5378
3045
5337
25765
5122
623
5145
12866
2144
5124
12373
2093
9876
25761
10055
10056
10011
25759
10012
25486
9884
9885
9881
9877
9428
6678
3578
19256
7905
4781
837
7906
18993
2516
2526
2520
7838
7806
7810
19078
19074
6776
7757
7773
6786
6816
6819
6815
16628
16623
6783
6777
16620
6781
6770
16562
16606
6732
3558
6733
5450
1689
6647
1042
6675
6651
16421
193
21
18
18
8896
16161
12424
146
1
4
3
20879
8483
8501
760
704
433
25468
9735
25392
25428
25440
25378
1511
1022
644
574
50
24
14
45
24
63
3459
2753
2723
1638
10508
7863
3584
1993
9644
5059
12702
17567
7349
1934
2908
9459
946
21872
5848
2537
3840
111
52
49
35
32
27
25
25
22
21
8
8
7
5
27559
4573
1914
10702
28752
10826
30712
31728
4942
11299
2663
10497
10263
2611
307
121
1
1715
592
4
1588
6
4
30528
11228
30174
7649
146
42
9
2547
24750
26180
24455
8609
5849
14661
15669
1829
15842
14383
28567
31981
5190
31739
19458
28476
29439
31029
29286
27682
21230
6331
5940
55
13
10
2
1
426
223
9
7
4
3765
23377
8747
150
9
1
18449
26540
15532
6247
16040
14698
7095
20363
27031
20457
3380
2312
16288
17147
82
74
68
12
2211
16501
6650
1101
4416
195
4912
165
10093
3820
586
19007
3572
864
2195
422
1010
1551
25842
7922
7796
2754
5317
1157
5128
3042
29833
4909
25731
10019
10022
4844
4377
7910
587
7934
19144
7849
3573
1203
2318
3539
16423
16408
5469
3559
29914
2533
1226
1467
6024
13586
2016
1008
5434
3136
5349
11107
11144
11060
10105
10048
10009
4815
7783
7870
3812
6695
6804
121
189
35
23
18
13
12
10
6
1
22
4
8
4
1270
994
636
333
256
30
5
1
5581
591
340
995
1123
12738
12419
2595
20857
3991
8494
20989
20972
8490
8465
8472
8482
20925
8473
8466
20859
20877
8459
20856
8453
3977
14743
1239
1894
8429
2425
1812
1823
18204
20324
20323
1060
7154
17555
3635
6001
287
2380
16104
15068
179
3256
3269
13766
3215
13602
3203
13673
8489
7368
8470
55
8
31102
2103
11477
31727
32212
32264
32237
32250
4264
9677
10203
28437
29170
29229
29410
29438
30708
30774
31666
30969
31103
29084
29041
28863
10443
27933
27988
27431
26415
10254
26442
2771
10197
25995
2770
4308
1515
9631
8721
22714
9472
9525
15630
5201
113
1
8727
22576
67
6772
213
27
10
24343
127
2
24406
127
910
22380
23837
10955
31993
8685
15966
20
2
976
1367
455
6814
1155
5342
12413
5328
19208
9890
2746
9974
25533
7926
7877
1428
1429
1430
6746
6747
19100
1790
569
569
195
166
35
27
21
10
8
7
4
3
1
121
2
8
2
4
799
24864
907
1
16127
23472
32278
26650
2939
25045
12136
9104
22960
6544
3735
17382
17545
3507
14794
15101
14078
14849
23633
8801
8374
9726
11171
8207
2
1
5
11585
29478
22535
2126
6432
24558
28899
29189
30739
30863
32039
31438
11508
30597
29549
1518
27103
19436
24354
9499
8012
3903
14322
2644
4098
31629
22503
24528
11403
10821
105
58
31
20
39
503
147
77
24
1
11302
10579
28503
21583
9679
21247
28692
31524
29014
29269
29108
28511
24670
26322
26135
22341
4222
12114
15751
17928
3310
784
21
7
6
147
2
989
692
420
197
1
7566
2307
2484
7373
4483
20729
4170
18766
8199
16041
3783
23690
9329
5813
14778
42
7
2
5893
15812
965
24403
27294
29415
5040
5190
13250
30771
26374
27120
9517
19545
12152
4045
9023
17743
7157
6338
28187
13058
7284
9491
10539
6303
3281
4022
24473
4257
22431
8093
5932
19521
2547
17861
19454
5857
11560
7992
1670
7193
20049
5549
4
1371
136
9
8
6
1
1368
19217
4925
4408
1759
16731
7855
214
184
121
18
22
3
1441
656
343
177
164
2
2627
9837
14220
22384
25384
25469
7158
1036
197
11
6
1312
368
7
9759
6538
665
5
2
3409
6025
5
2
1
10743
30666
24187
168
20
8925
4300
5929
19361
363
16604
19080
19245
19072
3174
25484
2092
7908
6647
78
27
21
18010
22612
120
3
31285
6401
11618
4533
112
103
38
756
206
41
24
3
8
4
2381
1436
30049
2880
8758
25106
11266
4635
9810
21823
23310
23594
24915
23341
23357
9279
15094
6903
2504
8150
6164
3396
6190
2377
3384
15082
6078
14697
2233
3479
537
8
305
6
16377
20139
23322
15407
15430
737
1
137
4
3
1170
179
582
200
4
3
77
41
32
25
450
5964
30032
5657
9269
26859
11171
30467
22934
2567
21894
499
5979
450
499
330
8
6
4
3
1
2120
2134
2506
143
110
13193
13274
24135
29612
11372
31052
31139
11524
2176
11601
11517
11473
30575
24487
10641
28719
24600
10230
26381
9563
24432
22707
4836
24112
15866
17875
17659
15829
15846
5877
15825
10822
11521
10606
88
1
17464
25206
136
6
1
1903
23773
5907
907
8052
8719
27492
13122
2590
19533
1230
14285
18002
15902
576
14606
29641
10837
11173
8915
6
1
5053
30819
31855
32031
26275
28501
22501
600
466
57
20
728
73
569
13512
34
214
2199
1364
3141
13380
498
5338
219
733
161
525
396
730
356
2160
1139
5119
2144
355
998
265
92
2142
977
1336
55
42
41
799
1337
56
3014
68
263
115
26
725
794
82
793
613
74
152
52
791
97
184
217
612
165
474
172
12378
1593
4921
1319
2094
35
227
2933
372
149
146
2937
4905
879
29
1102
169
716
315
25883
25760
10054
10055
10012
25754
10053
25479
25471
25474
198
984
186
25
520
65
209
43
202
846
1501
8840
1496
9063
4078
709
510
1489
109
8387
19283
95
837
19067
7817
19136
19248
7901
19265
19266
7907
19249
19253
2520
3818
7819
7662
458
1855
19000
19002
18990
18991
18987
30
2504
125
7555
484
7494
274
40
181
3633
16672
364
16555
16560
6782
6818
6787
2413
16667
16631
6784
16626
16602
2406
6771
6677
16471
436
77
16472
645
1199
646
1042
16414
380
70
121
2349
3493
426
1760
59
1400
2306
139
6133
2301
173
32301
45
104
553
188
680
23
2237
2253
905
1172
604
3213
155
5452
5454
736
13515
5451
570
3172
5377
5448
3142
3035
3045
2149
5144
3043
1342
5125
5121
87
557
2942
1791
8638
10056
9877
9885
2067
7903
7900
7894
7816
7810
7774
2515
7777
7773
693
3569
3589
6766
6783
427
6680
3548
6648
5450
1689
826
193
213
35
19
16
15
14
13
12
11
10
8
7
6
5
2
1
461
2691
228
564
810
1353
516
11037
2845
29870
714
1120
1910
3680
334
19159
1035
2263
735
559
1278
26088
4950
474
881
9923
10072
482
4321
21767
23755
1084
8701
19621
937
768
250
1467
719
7078
536
1041
756
14892
230
307
4394
950
119
118
85
83
39
39
35
27
25
25
21
8
5710
23007
9298
2150
11282
26930
7126
7511
8422
9073
8353
7162
5792
3425
7066
6173
5964
14791
27
22
21
1
238
1
9222
1987
19920
7689
18491
3515
18916
18280
1
501
17199
9336
10304
7652
14278
3758
528
6
1
3489
5
1
22005
11204
26959
5980
30339
778
1
28033
30906
23783
32152
13213
26110
10693
30653
31319
31517
30694
30684
28732
29240
29477
28339
27638
27771
27887
27456
27539
7264
22526
9445
9630
24674
24677
25997
9461
24034
24609
23815
21738
8960
7328
7970
19424
19751
19784
19806
19583
19723
6443
9009
7300
7311
7351
11587
9606
7993
86
8551
21161
4009
8563
975
8560
21169
5167
8558
8546
3342
2891
3795
3779
6128
3521
25
8
1
13754
20386
14047
26749
23125
1208
16261
3639
8
6
3
1
16248
20045
5640
531
5
17406
26620
14952
6445
3
2477
23979
28985
31097
668
24648
10746
30854
31848
2997
5100
29624
27387
10561
27327
20411
1891
9381
21302
22654
3311
15820
2442
9460
10654
28045
4581
11497
31640
32262
801
13127
1663
5271
32018
11533
31631
28460
10788
10876
10158
27079
27182
10477
27667
27572
27433
27291
10295
26113
2712
24421
24245
21474
2637
9107
23864
9134
9297
22713
22690
4775
8011
8599
8648
19769
3873
19561
3864
7976
7318
18043
2304
1197
3457
6373
2318
6328
15725
821
5997
3324
14431
5660
2249
2008
10209
5875
52
868
27802
4660
3441
28585
28996
9442
159
4509
10666
10424
24246
258
10769
32108
31801
32096
11570
11561
28590
28801
29293
29552
29592
31147
11477
31473
31335
30831
30685
29556
29533
29401
29196
29263
29264
29000
28808
9465
10121
27326
26112
24098
24825
24141
8667
23784
23832
9058
17660
7346
19483
17714
15773
15887
5844
14423
14422
32234
4594
190
326
1539
1768
4271
7238
9567
29993
30717
30931
13083
30867
30652
11307
26350
24831
9411
23986
9414
23957
8975
4230
23825
19789
15922
3905
31881
13112
4314
1112
30801
2789
27687
28246
2700
9586
17896
3446
4035
1111
10957
1518
17
13
6
2
3943
10421
30485
551
625
30502
1135
2154
495
3058
1645
727
1631
1638
5110
12796
12740
12743
12762
5093
12779
5084
5032
994
792
2118
5011
615
1131
5009
2111
30523
4976
12415
2953
32276
11207
30443
1294
30464
30279
30428
11248
30360
30283
30182
11226
30201
30190
30147
12324
30129
30132
30141
30028
29994
2934
2910
25277
10348
2784
10410
10413
27022
26986
26775
10358
26834
2783
10400
26923
26936
26878
10373
10368
26771
26750
26576
26578
26638
26641
26740
26661
26686
26606
26633
26596
26577
12261
26575
10281
26555
25301
1583
25352
1987
25348
25350
24925
9786
25248
25237
24994
25062
4342
25181
9785
4337
25147
25161
9772
9768
25159
25133
25073
25036
25028
24953
9719
24894
9696
24900
9690
956
23439
962
23627
23670
23575
23579
23585
23558
4208
23539
9326
23533
23461
23468
4204
23447
9304
4154
22990
9252
2681
9271
23388
23434
23285
9257
9267
9270
23316
23315
23312
23019
9210
23251
9248
23259
23190
23243
9241
23113
23127
9202
23149
23121
23081
23104
23088
9186
9172
2675
1090
23042
9127
22962
22987
22972
22953
22956
4163
9125
22870
9098
8396
1917
22071
853
22250
9070
22803
22829
22816
22765
1938
8945
22200
4090
22216
22222
22208
22113
2639
8891
22087
22097
8870
22078
22034
22067
1920
4070
22033
22032
8832
2631
4058
21932
8802
8800
774
8761
8764
21831
21787
4054
20726
2598
21764
8750
8463
2586
3968
20680
20684
2587
8404
8365
20604
20597
20581
20551
8356
8326
20474
20514
20465
844
20459
20423
231
134
2564
20003
8255
8279
8316
8280
8306
20310
20342
3935
2569
20209
20182
20170
8183
20110
8219
8224
20067
20074
20086
3921
2565
19956
8115
19875
8128
8143
8120
19890
18944
143
7747
19839
8106
12063
2562
955
18967
1117
2512
18764
7699
7710
18928
18929
18877
7720
18908
18890
1853
3790
18843
7666
7690
7679
7661
17017
406
333
7632
18724
1851
3772
18682
2505
7581
1849
7568
1223
18576
7551
84
7426
7548
7549
18259
18500
18511
18518
18531
3741
18468
18497
18494
18489
1461
3740
18346
18355
18325
18263
18289
2487
1844
18124
18201
7424
18165
18163
2063
18077
18086
3648
17557
7159
17506
7084
3637
1054
17400
1821
7127
7125
17428
17401
17358
1440
3624
17271
7070
17256
1817
17253
17177
2438
7005
6983
17062
221
6957
2430
919
16911
311
6927
6930
16933
1805
16903
6537
3520
1048
16830
16371
6884
16741
2379
3524
6601
2373
3515
3519
6593
6567
16251
16280
16272
3507
6561
16221
3506
1038
753
454
15559
3483
2353
6457
11919
1758
15530
2319
15412
1405
6271
15459
15418
2310
6230
15379
15339
15369
309
90
6210
238
503
2302
6168
15220
330
3403
3400
15198
15141
15161
11865
2295
15069
6137
11859
3374
15021
6097
14922
14947
14972
6095
3356
14903
3355
6051
310
14832
14858
14881
2287
1743
14857
14723
14776
14813
2873
6006
14767
14744
5985
5987
14691
14704
14701
11829
14277
5817
5812
163
2246
360
5796
297
14247
1391
5799
2252
5788
14202
2247
14173
2248
3266
1014
13936
527
14148
14130
14063
1017
3255
14098
904
14095
14006
5701
571
13986
13998
13987
13964
13959
2239
5670
13944
5667
3236
5655
13925
13905
13831
5634
5598
13778
3217
13786
13771
1169
13764
63
185
3196
5553
13705
13668
13670
1694
13629
3191
13615
9203
2036
2140
3019
3004
2986
614
11281
11283
11275
11209
2785
10356
4317
9357
9240
9197
4168
4169
1942
9087
4081
8878
8408
8391
3949
8266
8130
7723
7722
7663
7532
3750
7397
6961
3602
6861
1425
6554
6466
6225
6145
6107
1748
3349
1746
2281
737
1708
3223
27
10
35
27770
2474
4597
6427
706
3453
336
234
91
79
17
15
9117
309
6428
29627
22400
10145
10788
10910
10209
23794
1767
2008
11
1
6609
532
13
8
6
5102
14057
10275
6505
181
25
22
8
6
4
3
2423
72
21813
9706
7712
503
7001
6624
7544
2503
859
18395
2429
1642
21903
29999
18282
1838
7446
17504
1442
6510
22007
537
9
8
6
2
1
6865
20922
20817
3974
20910
20921
8502
20980
16222
18179
20895
20899
20870
7590
20329
20868
20781
3502
15404
20890
848
240
55
8
6
16
7
3
25565
10037
11059
10039
25592
25598
3819
3824
1469
25523
3804
2387
6811
9900
29975
29977
3160
11128
29924
11034
11051
10038
10040
4407
11020
10046
25739
9913
25613
25692
25610
25538
25564
4386
1865
3841
9896
9901
9902
19325
7960
25507
7924
3838
19274
2517
6640
25531
4380
9915
10080
10084
2187
11044
25622
25636
25616
4387
25591
25563
9940
19281
9898
19355
16494
25638
4378
92
55
21010
340
305
116
62
155
1
11950
730
9
2221
249
6
6382
24
9847
12765
4362
9844
1929
23753
16957
7644
25405
2804
4998
12735
12581
1386
25397
9839
9836
2443
1502
23191
20620
20743
7521
16153
16178
6586
6105
14077
13710
32382
631
27
21
10
4
3
2
10032
4979
19189
16601
987
29690
11042
6692
11146
83
37
35
32
34
29
19
1433
968
1127
359
632
722
789
1998
9916
16581
3820
1205
49
6636
77
634
3182
1300
376
1161
1009
1681
996
2192
358
17274
2948
7935
4414
11258
11098
11117
1993
25629
1279
340
4321
209
2530
1839
765
19180
946
7803
3812
19027
1467
16713
16511
3562
45
718
1747
1692
5476
85
569
566
214
146
1646
73
213
219
733
420
307
1673
3095
294
893
42
136
3063
1641
92
486
41
68
55
796
417
115
372
82
613
152
1328
61
52
670
4955
184
882
1600
217
301
172
78
557
149
169
716
1283
4877
10077
9909
9880
4347
520
1034
537
50
65
43
9266
709
1084
186
95
182
4800
371
1226
7872
7804
7494
339
274
181
6844
1202
121
232
518
6625
70
155
683
380
911
139
553
188
5479
5459
49
30
29
27
27
26
25
23
22
21
21
19
16
14
12
11
10
9
8
7
6
5
2
1
5166
649
4360
22873
5732
2106
2940
4627
12608
12771
30107
14719
15990
17028
4789
23706
22881
20432
17224
16786
14186
13866
16317
2083
385
683
138
2
1
4526
3065
806
3066
5225
3072
1274
24855
27977
10637
28951
29031
29471
31209
31480
31623
31901
797
11568
31954
11538
4666
29507
28594
28347
2022
2793
1109
10577
2772
4443
27127
27215
26327
25961
10140
1978
4024
9523
9557
2701
1966
4039
9059
23926
8922
22668
2653
21695
21580
3473
705
8005
1069
2467
19482
3675
1445
641
923
6396
1190
14615
1766
5903
5046
3105
32127
27497
29210
10956
10966
11417
31373
31393
31573
31215
30999
31012
30587
30945
30788
28226
28308
28548
28708
28905
28979
2819
28558
28604
10735
2809
10663
28197
27890
27758
10566
8080
2650
26232
27427
27441
27475
26430
27419
27363
27062
27078
26375
26356
4265
24461
4309
26204
24805
9675
26119
25905
24523
24325
24041
24013
23902
23885
22432
22569
9403
22395
4028
22306
21683
8742
22258
1488
21548
15876
7330
7977
19502
8040
19652
18029
3697
32319
7235
7291
17889
7231
11621
32332
15622
2324
14548
14471
14509
14427
32347
6
2665
30724
24357
1489
28269
13217
12888
3364
6338
2282
14520
31950
11757
24390
30661
27155
1526
9680
1878
22577
23797
24364
2682
8931
17836
14470
5855
22859
8809
409
25
13
12
11
1
4033
12
25625
106
23
4243
1527
27800
2185
24142
140
14481
4223
10503
23760
3076
13078
13151
10525
27558
28194
28409
28505
29201
11313
31067
32252
31989
30576
29061
28461
28408
28165
27982
27995
26407
27371
27379
27202
27312
27361
27209
26283
26353
26098
26120
4290
24578
24595
2704
24543
4263
24512
5919
2274
21727
4095
22425
22256
15968
21699
19753
19792
17669
15661
14552
9490
5929
10975
5238
2815
10911
10685
2715
2703
1503
6372
7287
4138
1876
28
12
10
1
19337
3041
1833
16460
23
1
647
292
106
24
14
1668
2
30748
29166
2769
10692
29163
13230
11352
10424
9014
9465
8745
11540
11457
10992
29284
29012
29011
25891
10118
8729
15797
10798
24360
31626
9532
19823
4598
113
107
28
11041
13420
10045
19171
29650
11029
447
106
23
514
531
1
24393
15855
4031
24374
33
796
1
158
75
26156
10425
10871
27509
9624
24753
19704
21373
9463
15965
22592
9004
13
27122
27350
10802
29281
30844
27747
7994
9053
24018
10148
27054
8683
8987
19733
7300
17644
15616
280
46
12
14237
7768
1604
1410
88
59
31613
17
15
1072
58
276
6687
1127
446
567
1685
376
1677
1682
5390
3154
5388
5325
1156
5334
5345
2148
265
675
1597
1340
2098
4611
4622
1595
243
11102
3560
836
4385
4392
7945
3845
540
3565
6753
7861
1163
2398
928
1162
1340
1114
106
66
23
19955
1572
625
2867
11786
2735
304
2152
5153
2865
12757
12638
9673
25315
25355
26800
12616
11167
30284
25173
4178
21845
4156
23155
22887
23094
23101
22175
8389
20594
20150
4792
20186
8270
2482
7452
18512
7611
3778
1881
19944
18652
18567
18228
3382
17018
7186
12030
18186
17434
17321
6943
16155
3513
6557
16806
6890
6517
821
6484
6189
15423
5565
15116
6109
3367
1388
2278
6052
13851
14039
5767
8134
12307
725
4179
3942
8185
3632
7098
3614
6251
6558
6619
6198
6454
6043
35
27
21
1
24319
10440
2181
21629
59
588
11138
268
5425
11147
11097
10024
1308
25637
3538
3587
7950
3836
6809
6696
6780
180
1797
13581
2383
4670
29947
478
29717
1291
11127
4616
2753
3586
3802
1164
633
11111
1341
1046
3821
1866
1799
2385
3564
6690
2384
634
10106
3536
8758
11023
11049
1681
16465
3130
29886
11114
11110
11035
10078
10010
4384
4379
1431
332
3849
6670
2390
3534
1690
3532
1145
1178
11131
2537
9965
2750
2522
3823
32308
4618
949
4610
19353
29883
2411
3844
12965
3131
29927
29892
29770
2827
10041
25599
4076
4195
7832
7913
7847
19153
3584
3563
2400
16456
821
13590
6805
3553
5439
29857
5389
1645
13347
11153
29973
29709
4620
11120
11066
29656
29668
29671
987
10083
4418
25877
9958
10017
25611
9904
4383
4376
7805
7858
7911
7940
3840
7885
7844
19126
6707
19013
7151
6793
6642
3381
6632
824
3200
5603
3189
10101
92
55
478
45
25
20
18
10
6
1
16114
18722
25111
15276
26950
15390
21994
26866
18445
26653
6540
16386
1048
15500
16083
382
382
6
7322
300
32314
173
65
56
24442
10995
50
29152
12
1
4526
121
25
10
4
1
4566
5248
1620
21632
31181
1978
9667
27047
1314
31437
14464
1079
2657
1778
746
28402
29272
29563
27485
24172
3112
10892
8611
21489
21317
617
2812
28669
11443
2044
31412
31530
12453
31765
30993
30697
4492
28117
27505
26043
26252
9447
24173
2907
22497
22421
8662
21437
3466
19721
3660
3882
3304
6365
1190
10478
10835
11404
52
18
6
2
1
31371
32320
31
17791
24757
10820
5054
25941
25954
8746
21537
1026
1025
8911
10589
10881
11522
10520
8736
5876
189
20
6
2
594
3892
1356
1247
27566
397
27632
10904
11410
27704
9469
24302
9010
1911
1027
19584
4949
13150
13176
24022
1973
29425
29341
28756
26282
10216
26036
9529
21449
22632
22635
23906
9015
7982
19731
14473
14627
14653
4434
24131
30772
24460
8745
11422
28385
28799
28911
26447
27619
27280
26139
10156
15845
15904
17996
28768
10880
10891
10890
9628
9034
8944
8738
8664
107
28
20
13
6
2
2716
6307
7302
26288
2843
244
114
5853
10936
29370
30912
5230
19809
21726
26376
3459
14303
19738
26289
31328
2050
5276
13182
5228
13136
3080
26370
29538
31191
29613
10186
10117
26152
22414
1506
12076
21566
21273
19711
18548
19627
7343
17878
17901
6341
15675
14636
10205
11476
11589
5287
11357
11297
10601
10484
9454
9621
9493
8680
9051
8691
8022
7335
7344
6385
35
27
21
401
5438
16574
11109
29925
13296
5406
1366
1682
5388
13415
5334
3135
3147
13303
13297
624
1340
5134
11132
2410
7854
11102
1862
19342
25747
25489
25517
9886
7916
7939
19333
7867
19282
3592
7780
3798
7795
3806
7784
3801
12035
6820
6798
757
6749
16422
7866
1818
227
5318
227
447
49
8
3688
1576
59
27474
10764
578
314
20
11
5
492
2
538
30
4
747
19880
4470
15348
4971
12328
8141
25032
23532
15347
4327
794
35
27
18
10
1305
21788
4883
123
6
1331
16
1033
2
5518
317
1
367
150
90
23106
23410
4159
6618
9
5665
10286
8
16020
725
70
3
1221
23255
12235
10300
23744
3219
16028
20734
16740
7356
6292
22
8
3
2
1
2235
1719
1188
211
20569
220
3
1
4
95
9
2
1
1146
193
35
27
23
21179
21057
8594
1421
590
429
55
6
2943
189
189
21
10300
13653
7
2
1
539
139
18690
23659
484
9
216
8
5
4
20221
125
1558
15011
4213
42
27
21
5
1
4970
4999
2852
2854
11692
1024
385
125
72
9
7071
303
25361
11
7
20194
635
5
3
7067
240
14853
1
15177
5
27991
10122
4094
4449
595
475
8954
21272
3082
3110
1667
398
5257
13201
1669
2181
13149
1354
13064
13087
3089
31278
1655
3078
12980
12979
28189
29198
29414
11005
11290
30996
30807
29141
28397
10784
28643
4554
28518
2026
9407
4528
2811
25945
10481
10565
27875
27607
10247
24602
2725
24337
9604
4269
8672
22476
22631
9389
22344
4105
2655
21709
21504
8705
8627
14316
3874
2608
19535
8020
19701
19734
8057
576
14507
3669
7972
1456
19375
18060
7304
17957
2460
17716
3474
5966
5967
752
15586
15727
14349
680
14419
14484
14420
3296
14390
14363
14388
5839
5836
19523
14541
1960
8668
2475
7237
5846
27
21
12
10
7
1
17979
28998
29343
29379
31091
11537
29600
29068
21636
27444
24723
19383
28382
10227
10776
7339
8010
8656
6360
20
2
6
1
25904
15801
8073
28903
8921
27662
27313
24139
8606
17765
7299
19415
3467
10721
10160
10175
8969
339
1
435
28703
843
597
6
4823
250
39
2954
1
22
11
2412
2523
7927
3830
1859
25653
5421
5343
488
25
12
10
326
2618
2004
31153
12693
11543
4440
31061
26302
8988
24815
26121
9052
1505
9647
24791
12168
22529
1490
21660
314
7345
21271
17735
10758
146
27
10
1
28615
9606
64
618
253
21646
11312
1509
17783
15734
26346
10578
13278
4234
1669
9389
9494
9020
7276
817
816
104
35
1
402
5
4
15143
18431
4080
5150
2579
6980
499
42
21
6
1
3908
7523
8469
20811
104
55
3
327
921
21693
13233
2453
895
489
35
10
8
4
3
8
3
3
2563
2563
8773
1743
26820
30533
4197
9269
20229
9
1
8314
8765
7021
22839
18486
1817
17036
17485
2
1
3273
9
8
1
237
42
25
7
6
4
221
7
4
1557
1557
187
144
48
11257
9190
16002
17341
22
2
1
269
10070
13499
13503
5392
5416
13344
5393
13386
25782
13305
16445
16521
6717
18979
16529
16532
6713
3544
13565
16435
5489
13533
13564
5427
19
22
9
736
213
25
23
21
7
6
4
3
1
2
1
803
13823
5097
5530
13703
1053
20695
25296
26543
24879
9292
9333
18237
20291
6113
15029
15526
17180
6898
15374
2284
14792
5511
5
3
1
4730
3969
2902
1259
372
72
9
7
5
4
1
20120
30098
8423
9233
7
1
6481
2914
2080
975
110
950
1034
518
23
21
20
8
5
4
1
8452
1406
13855
8486
16120
848
287
126
2
9
5
9184
25359
15499
174
3
2887
12252
12525
20497
22926
4840
25171
20742
18666
19872
7525
11632
16010
15122
15003
13941
30292
18626
3375
5
1
4
736
63
4
20595
10288
17528
26558
8194
22830
23746
23224
7711
181
100
5
2
14901
4202
82
8
4
1
6092
8
978
521
8
5
1841
7
3
411
315
3361
1423
975
12769
12135
2912
8552
4009
8559
4010
8582
22038
21177
8565
2605
8553
21148
6916
7715
2507
452
8556
4906
8568
3795
21154
21157
8549
12791
17084
17424
1644
8561
8562
777
584
110
25
3
2
1
2
12291
12193
11702
144
48
29534
21571
1977
13640
21815
10386
18110
1481
2223
3625
10304
2223
22
9
6
1
22788
30304
11920
30540
4220
2123
3748
22
13
11
10
6
107
402
57
18781
5026
8488
20949
20938
20924
20926
2591
3974
19878
1377
17502
7590
3502
6908
15514
3212
55
233
330
16867
367
3218
1401
23599
25072
30131
25250
26752
23497
23073
22921
9177
23017
22900
21809
8788
2637
22220
21995
16301
17566
19843
20043
7684
16751
16983
16793
15300
14194
6170
14246
3244
5540
3208
4173
9114
1841
7646
6878
6622
5626
35
27
21
11
14692
4799
4816
19874
13734
16838
13828
11270
13917
10302
2156
12637
12895
12594
30156
17500
3956
20719
1924
23683
4859
22915
23682
7392
17414
5698
5762
2361
14686
15213
6032
5531
1924
4
1
5
1
14936
7
8
482
6
8
7
4
3301
12718
26383
870
28760
4572
31111
10963
8067
2908
15749
29149
7349
30584
9520
13
6
2
1
7313
13255
9608
30893
6356
612
13
7136
185
11
1
57
14
31364
17810
22430
3013
535
357
11544
124
51
4511
1095
119
4294
1289
3867
14550
33
279
325
247
33
809
1004
257
1006
133
46
236
524
2176
731
306
493
195
62
94
1275
10894
670
10950
989
10578
10609
27973
2808
2727
1980
1971
4299
410
877
24052
487
961
787
201
3666
143
3903
64
275
3707
3606
872
2372
578
157
2350
6519
6421
1415
14528
911
14628
119
1386
1232
44
5235
264
1264
22427
19745
3318
375
1142
1674
5289
732
105
627
1654
667
444
203
3006
794
2862
326
2903
1296
31270
31679
31633
31489
4358
713
10779
11010
2837
4601
29251
2818
10513
10532
27645
4502
26146
27218
26071
1277
4325
9626
548
2721
1511
2698
1957
772
9032
22439
858
234
4087
2649
1904
8665
3939
844
4806
543
274
19531
462
432
981
19715
158
2468
3691
17983
3674
17677
762
2460
129
6430
15949
3458
6375
15789
6381
6391
2329
14655
5965
3442
1563
5919
741
1394
67
1827
37
9407
10172
2007
9655
2651
8057
659
1152
99
5255
1668
294
3086
154
396
3076
356
730
1648
3017
2126
2052
1602
11557
11577
4658
11496
11408
469
11310
11346
11358
1547
11000
10988
2810
10794
4564
10809
2805
10166
10541
9503
9613
4269
9592
9536
2692
9497
2706
9480
4252
4239
1958
511
1119
2682
4119
4112
544
2643
1927
1251
314
1908
2612
1080
8058
8052
1230
460
71
7662
3652
7324
1057
1218
276
3676
222
2461
7222
3659
1056
370
7053
6374
2342
6408
6412
3454
1772
1768
6312
2274
3326
530
5922
5927
128
5890
5863
5838
1694
2259
5830
23
1908
548
182
22
45
18
15
10
8
7
5
1
31609
10514
1246
224
15
1274
2453
65
12
86
222
31
8
465
33
151
565
2270
9
8
2
571
4
123
364
6
5
2
273
22
499
406
156
40
239
90
1549
680
292
162
77
49
49
13916
20480
12181
2069
2235
6
9
2
1
12709
1295
91
58
15
2
2150
2
82
42
2
1
9
273
2485
2038
4
9333
141
11178
1708
1294
156
8
1332
39
3
197
13229
13207
2346
8914
23763
23872
9672
29634
11446
30773
30606
10249
28867
29454
27403
27794
27812
26449
25915
10133
24789
23867
22566
22555
15953
21484
21728
21605
1567
12015
21378
8642
7341
7295
15986
14466
15731
15753
3307
14410
535
24604
31898
27331
28793
30568
28668
24634
22552
23786
19412
22261
19554
21674
17891
17826
5902
14672
22735
10181
5048
9016
8635
5911
5969
6315
12
10
1
5
2
1
4
25448
2978
12714
1661
25465
768
9830
9856
25418
9851
9845
12171
25368
24265
4359
9354
2690
2652
1936
8059
2894
937
461
921
15756
9870
449
184
121
55
33
10
1
694
5
123
7
522
6205
5
9
1
7
269
5
1
95
13
32357
10729
30828
2004
1068
24123
12160
128
1103
188
25295
26918
23643
3485
22791
30414
30527
30512
23324
24867
21796
22031
21945
1050
17178
18461
6455
5613
330
6
1
6542
240
6
5
2
9
1059
72
19082
6685
693
78
2548
25
1
31403
30586
58
17
15
449
1
525
159
224
149
10930
2848
1139
717
45
28417
58
2646
21686
119
3882
641
33
91
28695
24601
103
1828
182
4
1510
924
36
69
4
3852
7953
1206
108
12356
10095
2755
25726
29682
3854
25593
3541
6845
92
298
36
88
61
75
10901
30791
31758
29518
30674
30799
31089
31175
24467
1286
15
2
2128
140
38
10649
58
15
75
64
954
791
28956
17
15
4574
10752
958
1002
33
6
4119
11239
4714
2137
8145
4074
8834
3964
14026
7022
7559
5970
1753
22134
23232
23530
12122
17145
6073
8269
6923
6294
6197
22
10
8
8
4
16
5
18
2
1111
324
280
58
15
98
10934
28
167
36
24459
43
780
212
27841
10967
26468
2
849
21296
24438
29022
21490
14331
9612
2650
24684
27279
31041
31610
11452
31317
27697
29249
27743
10663
10660
25906
27263
10176
25907
9616
24673
24422
22607
24174
22420
22554
22409
15839
3675
21641
21389
21521
2554
17736
17760
11456
9614
45
31
1
229
284
38
69
31
1537
127
22
74
2
6053
42
16
16
17322
22980
147
63
1335
14
5
30
364
3934
2077
44
7
1135
165
95
6
406
30
4
5
3
6
11968
13645
790
1
68
2114
993
4
381
220
4
7149
6550
649
6
522
42
20241
13599
5
3
2
9
1
15334
582
435
6
3053
95
2
2
156
3
721
18
7
5
63
3
3
1
4
8
7946
6705
1681
32
19749
29120
103
7
4
3000
813
221
5
1744
1
4
3
1501
8
2
6
8379
4164
30234
3638
82
4700
40
3
655
584
110
45
6
741
6969
8153
163
25
6
1
2
1407
8091
3698
6
3
245
1
347
199
4268
88
11722
11726
11725
4708
11715
11716
11718
11719
11720
11721
11723
11724
11727
11717
11703
11710
11711
11712
11713
11714
11704
11705
11707
11708
11709
11706
2863
2
1
1
5478
165
23
365
17694
12
399
64
24
379
855
20947
20990
20885
8470
1317
179
126
2062
275
173
18
20333
4362
2985
12811
9855
2453
20758
1944
23612
146
1
1365
11096
765
184
92
85
55
25
10
3
10109
5472
16406
4397
29670
1692
1228
1692
2033
647
41
156
1
4109
198
176
82
25434
25445
1376
420
197
440
522
4
1
7
13
2480
299
2
25373
55
13
12
3
531
7
4
5
302
16
4
9765
9849
104
61
55
2
1
2077
5
7
1
16
6
1316
661
6
5
1
8
5
1216
749
307
121
55
25
10
755
614
9
25130
1385
7
25164
9234
39
11
11294
23
10
8
6
4
2
5
1
7
18268
186
13
2
1702
764
5
4
19866
5677
84
7
23213
5
4294
32095
4580
31009
11579
2817
31672
31671
31693
28220
31024
1543
119
9
7
4
932
25819
25868
4609
11139
867
25825
2524
10082
7882
16632
25700
932
251
843
25
1140
5
2253
312
4
3778
10301
13938
70
404
5
4
3
24
12234
26733
2
1
139
73
1113
84
4
8
4
3
182
42
1
216
2
22853
4164
23135
3638
8379
82
68
1183
72
5
1
1091
121
35
7
4
1
147
42
6
95
22332
3709
24405
2842
30602
11306
9380
10530
9577
20
11
2
8879
26544
30336
2131
4369
8283
6549
8431
973
146
13
6
2
1
11
2
2455
30
1
140
4266
4254
18698
8275
15480
1589
18
2
4110
4241
31576
619
27830
28131
29112
9603
17683
1911
11400
9638
1541
397
122
12
2
43
352
325
1537
31
13
352
546
2542
28714
2961
19741
13
573
36
10239
28
56
233
1546
13
80
10116
86
51
13
13
10
1037
58
29639
21700
103
2
1514
599
183
131
105
79
31
224
286
9627
252
96
884
209
10217
18
8
201
130
6439
154
15632
7324
1497
6325
14589
14418
5842
5832
31648
28
6
1
28218
25973
103
32085
31551
1287
168
3001
2230
11
2
28516
10787
4429
42
11
2
1333
313
87
41
31054
1
490
11
31495
11509
2
18
215
1532
5
12
876
863
1014
23890
31415
32178
22732
10947
32180
32193
31301
15705
27858
27848
11537
10999
11384
10783
9615
10672
10505
8637
20
182
4
7493
5719
7606
2235
665
30877
31536
4113
24630
8068
1262
1
4842
4846
2075
16
7171
22
7
6
1
854
1
944
360
137
3
4361
1991
208
10
1230
18
3
1
30
4
2
5
25814
29696
1156
2097
836
16546
19054
6779
930
6749
25798
5505
19091
1361
3124
5473
25632
2098
12878
29959
25618
4385
3806
16544
16459
10108
77
41
10
16
2
156
63
30728
1956
1989
2459
1081
1071
45
25
7
4
2
1
10476
1657
3456
4029
3488
235
235
212
17
15
10
492
461
228
1853
2137
39
18
20843
11458
6
1
367
90
9
23479
5
296
4
528
1
4842
4846
2911
3
19351
13440
25567
11765
4419
19125
3825
430
19120
7823
25582
16461
29799
6752
5348
29684
29752
2949
29739
29691
19045
6639
10052
6802
7889
359
526
227
26
3
90
26
8
4
5
1459
231
2247
15026
1882
14831
1058
2
1
141
20461
19889
15520
3050
7
2
1
5
2
1
6223
539
2
667
5
1
42
10
6
1
18046
19381
10154
12692
10814
29619
31300
30880
10961
10878
4445
10674
10607
19801
21710
24541
9395
9011
9041
22545
8081
15730
6364
15984
17848
6444
5829
15691
104
9
5
4
63
1825
2
215
42
20
6
16
8
3
26
9
2
90
5825
1171
1
9
63
26
4595
6
1
9
1
6
2
2
1
11752
22060
30408
42
1
457
1234
30372
1001
1115
3775
19892
2482
3504
386
2316
1063
1237
26670
1329
725
2010
30361
30383
10342
27013
1276
25337
26542
9816
25219
25039
25191
20552
8880
24939
23340
9228
4187
9256
23009
8389
22098
8865
8866
20623
1236
20446
20097
8182
8187
7708
1881
18960
7682
2503
3640
17517
18251
16993
6965
17318
17154
17157
17057
6949
6301
6480
6556
16382
6479
13756
6070
15359
6185
14816
5625
3240
14038
4634
9819
7672
35
27
21
18702
2121
1
23873
28459
28893
31795
22474
28114
27707
22410
21458
11536
428
1
648
6206
6923
139
10
1
1566
1566
354
4
25167
13676
635
8
5
2
8
7
1
9
5
777
7
2
23182
12
1688
812
5391
6761
3594
7878
7794
3570
214
189
121
27
25
21
18
13
7
2
74
70
2
1454
275
206
90
1411
309
60
52
8
3
12754
1743
150
8
7
2302
437
5
5
299
2
7
22
2
5
11228
6
1
3
1
411
156
4
1
8
3
22
3
5513
9252
8411
6931
20054
22776
2011
9
2
1696
919
18
10
2
26
6
5
7504
3626
185
95
30
599
17
3
8364
6139
7
2
1
25447
1721
13
10
2
76
1
18296
26882
23307
3352
13762
4
3
152
2
424
4475
1188
854
77
2
1
11
24
6
5
70
1614
6
1
238
729
9
3245
100
4
70
22
10
95
7
1
16
7
1
206
5
10
6
299
16
5
4
3
2495
914
21678
21602
17696
17
27142
596
482
225
4371
329
197
9022
453
10527
696
119
25067
4207
846
9
2
261
14
1
23
13
10
51
9047
224
28
400
246
642
144
48
17577
11635
11668
5105
19859
4970
12531
12583
12629
4999
12539
12573
1554
2854
11648
4878
30095
30139
11698
22227
8836
4817
20702
20223
20267
20060
18885
18940
18942
13891
12012
18592
18857
18863
18727
18391
18439
18442
7390
18207
18245
7388
18084
2049
15277
16788
16976
15077
15057
15056
14941
13722
5512
978
683
21
5
1
28077
770
75
46
394
2198
969
988
891
2095
29769
4603
4400
7888
1143
11096
11015
16541
218
92
29
23
18
13
10
13856
15120
4150
23294
15482
440
9
1
65
22393
32229
59
12
31
65
56
2173
21638
6358
20
6
487
419
47
41
3
1321
4536
98
16
24576
762
2
5089
1802
8532
1209
153
116
89
62
6
97
35
6
3
1
40
273
26
18881
23160
1713
7
1
1779
216
3
1
2
9
1
7
1
5534
3610
13
2
8
4
3
10399
3244
95
9
8
4
7628
11201
22
1
141
2
182
16
14
4
3
2307
1106
9566
25957
25903
22321
1658
8991
6395
79
17
11280
23329
146
2
1813
1712
597
477
728
26
2
381
6
82
68
453
100
528
7
74
378
900
1939
1495
3
11
1
23728
613
5769
8217
3499
786
30
16
4
42
6
1440
356
9
4091
23205
1211
1085
663
13
12
10
42
6
8
7
4
16
7
20525
8843
6608
1939
4
2
9305
7174
16832
11
1092
215
26958
317
7
5172
1040
5
4
3
24047
24247
10260
30929
25932
10886
2795
544
516
61
25
155
25
16
1
943
369
935
385
30
1
3625
1256
2
1
11241
20404
22170
8117
415
2
1
39
26
63
26
277
14059
19474
186
25
13
1
4
3415
16781
4348
12736
22015
933
3536
6302
3222
317
5
1
221
72
847
1
925
8
4
3
2
1
2
903
481
8
5
299
8903
795
20141
19147
8401
6138
6
1
9
373
30861
31737
1393
403
370
173
9873
1767
50
3
22855
1086
345
146
77
13
6
1
244
745
1120
564
121
12
10
24178
31846
38
28
14
13
403
24181
24439
22709
28766
285
199
1765
1148
46
44
7235
33
2170
196
27661
10803
18
13
1648
1662
28948
28875
4448
8693
3894
28324
1333
11397
31774
31037
24749
26433
6429
9481
24020
332
23916
21664
17944
15982
15880
285
20
13
11582
1474
112
28922
912
1929
22894
9864
25451
9861
4218
22385
25371
25376
9858
15754
9377
8696
420
25
10
22518
30623
24106
1152
361
10327
186
1
18
11
6
2
9619
30558
31492
21456
11516
10454
196
20
4640
408
257
224
175
191
46
44
20852
1406
249
179
126
4
1
471
249
126
199
24186
29156
26020
21588
464
120
12
20220
22846
9707
30509
26520
30276
18331
3746
15219
6476
3627
181
150
4
1741
364
55
30
20884
672
6
2
3
1059
463
1401
26
4
356
150
7
2
2011
962
2
26
16
8
3
456
42
90
5
2
10
2952
481
3215
2232
20881
1012
305
287
6
5
1
21048
1378
8543
8574
429
21097
4016
4011
8577
8591
21114
4004
8530
21088
21007
2601
3998
21059
7365
5663
8521
21074
21076
32273
32275
21106
8538
8539
21137
21140
21220
8572
2603
8503
21008
3996
21045
3999
21063
8520
1078
11624
703
7658
18847
17394
104
89
62
6
950
646
503
231
200
185
163
134
90
4083
4
333
5
6
2905
9776
18100
5824
2058
8190
380
6
5
1
786
661
5
1938
16899
2497
3652
15279
15284
21
10
7
6
807
776
29818
29934
7893
3471
1103
27729
10620
11591
31210
29932
280
20
2
7
4
4247
8671
9413
24222
26392
26408
28989
29345
30665
30707
31439
13196
29273
27221
4517
26457
9418
14568
32346
32368
21351
10789
11390
4570
13
1
9
16249
32092
42
11
453
16
2951
15507
1130
728
961
830
795
310
7
2
4
3
2
4
8
3
22
8
4
2246
7
4
3737
7
1
7
2
4
7040
8
4
1136
1074
21962
550
82
70
2
42
20854
1384
3
1
3
1
3
1
156
4
4184
4
16
8
2
9
5
3
3
12081
21639
12027
14525
81
7
2
661
453
23625
1320
1
9716
8
5
10
3
1258
1
137
22
11
5
3
1813
1493
17276
2
1
153
62
6942
26667
9
2
16
214
150
5740
824
18
4
3
2869
72
4
216
7
13398
13557
12400
7192
4912
5324
1041
189
35
18
3
3729
616
220
134
26803
11848
74
1
847
1307
1269
3522
8541
1000
8524
4014
12748
12641
32376
20328
505
505
387
153
116
6
33
2680
9759
13833
6171
7030
8
10371
5
4
4
3
986
220
206
24
7
2
22
5
7
8
3
5
2
1
22
7389
23062
22040
1
9
3
4
1
14131
8820
25
9
333
6
5
4
3
1
8703
215
182
24
14
256
5
11
2
1
19997
25034
2988
12814
1612
5763
1087
8850
3352
17226
20723
2297
5536
14179
6215
150
3
2
6480
4187
3504
6892
8187
6479
82
7
12072
148
14
6
1
1136
104
62
149
115
600
17902
69
59
20
20545
6265
7396
7724
18932
19947
18176
11211
9
56
11254
2037
5
1
419
279
45
24
3440
1026
43
29606
18
24779
460
339
17
27070
2762
128
1600
441
71
1808
1460
1332
26781
2839
8295
543
8955
7688
2570
3652
6210
2421
15356
3254
1385
5635
274
221
27
6
1
2471
31219
2
21319
191
120
1493
4017
31688
400
400
23903
23830
2
27892
29270
14674
19471
8047
4514
30804
31327
31918
24140
27081
10479
6432
1533
234
31
20
2
28646
2017
2779
28431
30570
17877
23985
13
601
1368
144
48
19229
9963
9943
29727
4609
29653
11016
2034
952
508
135
3
304
7
5
2
11
39
11253
7
125
7505
8414
21
13
1
3
18
9
5
1
760
250
1383
955
648
100
3480
20962
8447
2596
18
8
7
1
29774
7759
25676
2209
5316
7719
2402
3585
4408
1339
12787
19135
11122
7719
409
710
219
189
97
92
54
25
23
82
73
16923
10
9
1
2680
814
1
16
72
5
2
4
3
366
6
1
8676
10251
2847
32045
21535
7209
10223
28910
4132
4022
26179
10984
31571
29638
31094
31445
10191
10857
10926
4591
27785
22553
23917
24197
9533
15903
15930
14304
14630
4547
7263
55
25
24
7
84
1471
598
2034
2829
4411
11151
1544
6698
3850
10087
3111
4410
2395
1227
7886
3835
3851
3805
16579
13351
9942
2514
25821
1125
10028
9938
377
92
25
12
10
15062
15429
8238
13911
15421
21980
7
2
137
8
2
1
18
9
16
5
4
3
3
1
198
176
5
4
26
3
8
1
413
1
26
8487
20864
20906
8292
702
650
8
12
7
1
2735
74
70
5
1
1579
2
4013
89
60
9
5
1697
8
216
11
2
3
1
1949
1032
4
1659
212
3092
7986
324
9650
154
30987
31286
11583
2169
11586
11564
27943
1248
4112
534
642
637
14635
1534
27828
29395
29510
11011
11344
31026
31049
31124
5218
29154
28147
28821
29153
29030
28265
28328
2024
28105
10541
27716
10123
10213
27098
4272
24554
9683
23822
9512
23928
1265
609
23788
1908
908
222
1905
21397
1835
15896
5957
191
170
128
511
31915
5217
5269
13140
32168
13010
24858
26148
1536
28310
28354
30625
30868
31003
31157
31526
31310
31498
11436
31079
10893
10945
4592
29417
29165
29310
29259
4550
28725
4567
28826
28346
27742
28000
10708
28090
28208
27993
27692
27724
27187
27349
27568
10479
10464
26330
10264
25933
4275
24607
24722
24738
9666
9670
2726
24449
24526
1273
23897
24280
24050
9540
4831
23819
1251
22355
2649
21595
15763
432
8620
15843
19712
12024
460
2350
2461
7200
3662
2342
15667
15718
3313
14379
5830
1499
5213
28281
28854
30764
29209
28807
22616
9499
24407
24318
9430
2694
4020
19462
10832
11403
31763
30655
11441
11532
770
941
10706
11428
11383
10669
857
2474
805
11418
10998
10472
10141
8934
45
1499
8
6
13
11
9
2502
5551
11
9
2
3
2
100
2
9
3
16
4
2
8
2500
354
1461
913
7
221
26845
16094
5564
1851
6038
231
22
30350
12336
21816
10
1
25
21
20077
6519
16330
21986
23515
9797
8904
11842
1030
30270
2381
6
1
3
23675
725
68
5
11
5
415
1386
198
24423
21961
20954
18984
6
11685
6044
3232
2868
16079
683
622
402
1
7589
30
3
12116
26585
1013
150
8
5
4
32269
104
62
6
320
41
14
6
5
15275
11201
846
1
18613
9
2
185
9
1
4
3
1629
4
4
3
6975
8
1
60
8
7
3
875
2
1439
527
960
26
8
1
4
8
7
6
1
26
1630
4
10
23059
70
1
186
6
5
4
23491
26474
26697
16352
20696
4159
6934
16232
6203
14856
356
18
2
2
322
7
5
20429
1
7
6
1
3
1
5
1
1406
701
305
249
240
179
126
6
523
2
1
3
42
22
6
137
572
480
1426
1019
539
2
7664
4345
18347
17387
3
26
8
2265
1511
713
84
20279
3945
30250
8385
23105
23176
21920
15371
17619
18744
19835
18952
7603
3488
14087
8767
1
20519
125
39
312
30331
830
337
4
2
26608
348
20725
22924
30024
22770
12093
221
5
1
7
3
18108
1
864
3179
1691
2419
645
135
35
25
18
3
1
2
975
110
3
8
3
7
70
72
8797
15457
3785
25200
12912
6590
8
4
2
18735
22797
25358
8423
14925
17292
1397
16852
3754
10350
11212
8831
23287
21870
18849
18363
16180
16311
15252
3362
22836
26507
13728
6104
15463
3331
5
2
1
476
26798
16817
21926
23726
26562
20408
3954
2321
15164
22084
20206
6
1
1112
31040
10168
31320
400
28025
10799
31122
27964
7305
244
25385
27523
6
524
276
183
131
59
43
712
20
6772
7901
7814
7808
9878
7815
6819
213
27
59
12
52
1869
1458
329
197
1328
149
24
14
120
6
2
2
11619
10678
30635
21546
4096
17755
32366
363
44
12
120
4
3
7
5
3
10859
32133
17923
8650
1
257
148
17989
25959
13118
21520
14414
148
1093
692
467
197
263
10796
12
23780
19595
59
670
15780
4313
50
20
6
17987
24370
28436
5279
17921
19596
9442
26038
19416
127
12
151
89
14
6
3
27942
9273
26264
4073
1
11
724
8
138
26
9685
3621
5
1
8
7
2
231
14
2
1
2976
5
15826
21275
9572
26196
1108
3661
3692
2553
10592
28781
4504
529
2
1
2
846
366
20
8199
7
1
2
18
3
3510
5
3
25
9
6
5
1
3924
1236
1568
16
4
5030
802
116
62
11
6
5
2
72
9
1783
367
39
8
3063
1646
1146
22
4
174
1
872
42
1
7
8
4
22
4
6
4
8
1
26
4
457
354
378
311
8
5655
27027
13888
6903
20754
6627
9
5
32377
32379
21075
4002
21042
11624
8521
8528
4005
8587
3996
21064
32375
21043
21053
8533
8522
505
429
590
250
13647
18
6
3
6
1018
74
13
8
337
456
13
26
2
4
885
320
11
39
3
1
137
5
2989
1480
5
8
4
19873
21987
2505
2
4
9
10341
2225
9293
1085
21801
2738
